# N=1331 CoM=[0.50000871 0.4999951  0.50000414]
0.1244900797973939 0.4456283889347334 0.1774550493960344
0.0444737407151318 0.4714000700571792 0.1421442760782805
0.0389301579107683 0.6203999999713632 0.0735974449280863
0.0813263120021995 0.5522567162154763 0.1226104768380070
0.1644742278767073 0.5971315831475976 0.1177734024072858
0.2165772071047034 0.5439125299001060 0.0591429347792547
0.1374369627314205 0.4859171234298829 0.0842761959989455
0.2425206291525193 0.4306340741847692 0.1174492649105630
0.2025374199587042 0.5088740686163473 0.1538326622657252
0.1759065900666872 0.4675764795039989 0.2589924064942751
0.2291554792740302 0.5464289724200155 0.2478278961603942
0.2203848177413015 0.6351352367076661 0.2903091899484156
0.1312381241537808 0.5459177700320124 0.2053827749348470
0.1773963020574916 0.6320150753827034 0.2070463397972037
0.1467006637613211 0.5661229397168210 0.3027111928902706
0.0964516070868665 0.6328701675165342 0.2599469861174944
0.0356260020249527 0.5728967294801890 0.2100847690115771
0.0749220069070874 0.4901667828160670 0.2565830628192457
0.0304549387822403 0.4122307140403854 0.2260955484702504
0.0592948016841340 0.4200879941862394 0.3264132849818657
0.1085099864178930 0.4977313308738582 0.3572389563288505
0.0172132652000198 0.4795893589428468 0.3935921800788027
0.1066098165291253 0.4228161859385893 0.4203849083710847
0.0497449838054332 0.4137343203255435 0.4926924764451537
0.0753795435466621 0.5128927810400135 0.4604507791455461
0.0073865733991415 0.5805106327065455 0.4933016509522627
0.1039710380253028 0.5945628944513099 0.5044062222033328
0.0418306032051426 0.5591178671060313 0.3119321032449247
0.0058459797945482 0.5734409227840922 0.3995023795757040
0.1032985166674097 0.5879738907128214 0.3958908711431601
0.2061136111595774 0.5961521479349365 0.3820539380939840
0.2107259782589264 0.5994815192665046 0.4978593581473174
0.1678707764809004 0.5307224746300234 0.4413394851578614
0.2377223821728671 0.5030018061182431 0.5082712596715997
0.1458648023889526 0.4595444019149200 0.5146799557439283
0.2482843803744530 0.4103275270381048 0.5246227858707735
0.2019425406116766 0.4387283608325894 0.4377994225370274
0.2045172955443235 0.4993640873679877 0.3469948250007304
0.1625766322529993 0.4119002167186532 0.3389568730051216
0.2700969841238273 0.5170320748367447 0.4105782233476172
0.3520636133180243 0.4600757966061859 0.3731936929411783
0.2604436439419705 0.4094597530814386 0.3782452686087525
0.3132008667580130 0.4443938655461341 0.4580672785149704
0.3406944420021619 0.4698607810501936 0.5509588539325370
0.3185816219580938 0.5472350003709179 0.4894771887419307
0.3162525580514496 0.6370731967631313 0.5228554494742252
0.2786417707076793 0.6204872296444297 0.4363476627082001
0.2876020623812544 0.5618479493996118 0.3244199845543636
0.3562837521870698 0.5627481279594406 0.3966564954367586
0.3847713806065490 0.6242841972767306 0.3147108237524789
0.4683305212616523 0.5555776906032810 0.3094419326441398
0.4427720771348679 0.6053770670575085 0.3883440500971245
0.4050761778845932 0.6069021759018758 0.4823888054332615
0.4767863840262349 0.5292545218498528 0.5320875301969907
0.4965572482051360 0.5774468268989292 0.4577011519886724
0.4015831209536317 0.5068223399947134 0.4722920494588607
0.4059296095586281 0.4073715865293805 0.4521270642892090
0.4307778921882016 0.4368125983786475 0.5390542927390090
0.4903266383460939 0.4532343228849642 0.4599159742316186
0.4375195622879321 0.5006121359017968 0.3881160973837059
0.4320070491567257 0.4489116966640716 0.3006708582928674
0.4680256850031962 0.5013659406625917 0.2296684766112799
0.4403491256797157 0.4124260340035633 0.1849086849363294
0.4843775312082991 0.4550633737749181 0.1113780531197843
0.4004458510849817 0.5050547783124273 0.1631904833812240
0.3913166429961447 0.4806236203358369 0.0707436051799049
0.3409971611293520 0.4283318204664435 0.1451237187287691
0.3014693782589627 0.5152924241042354 0.1250658472103769
0.2639070554047719 0.4554855182895825 0.2102227038677457
0.3612231391114679 0.4452252337085851 0.2400558007306403
0.2840644621746878 0.4682086119884570 0.3011086459836474
0.3743803590854092 0.5263269363226455 0.3011526466275296
0.3243379449978131 0.5354137040639400 0.2170171688722341
0.3128927651892762 0.6267088711880684 0.2485865070855534
0.2587271635722607 0.5929234725909176 0.1673412518384326
0.2941452656888116 0.6014963674396061 0.0766223890303981
0.3485334149661604 0.6329361348828890 0.1609249096056059
0.3874064190196395 0.5762764876998390 0.1006443075177708
0.4877630486385444 0.5512766186975331 0.1487653369596290
0.4524825895323560 0.6381622861877998 0.1514863634166471
0.4097124377898492 0.5829297108065610 0.2242852386310820
0.4792415143238254 0.7517483294217204 0.2759759891493669
0.4196580927989854 0.6788178947302652 0.2338871682587532
0.4388801019505163 0.7533074087918450 0.1712908023507363
0.4034168606144209 0.6981804410949850 0.0966161414050806
0.3086372019453935 0.7012242825385295 0.1005412458851644
0.2565392460325832 0.6949280329185752 0.2127434304017249
0.3476771805461260 0.7275366665496803 0.1884034827705036
0.3443245313652955 0.7148849897487601 0.2835766546325995
0.2980967931540740 0.7921226110342399 0.2534988510432225
0.3428432172728372 0.8394621966401201 0.1879747082279496
0.3240049763646956 0.8942060139557000 0.2721119596843392
0.2763185087988062 0.8802813990898148 0.1349702591896820
0.2717131685943933 0.8088636637286732 0.0648280858015775
0.2639212653111390 0.7731191267406532 0.1547408841301360
0.3568476674496751 0.7893416603290475 0.1082211486431932
0.3692965473172983 0.8838324327856595 0.0926492615913213
0.4459780329487267 0.8037709463531415 0.0810357066890970
0.4385566712859713 0.8529851468562974 0.1647958907944628
0.4035914073319028 0.7978443022987138 0.2521099721124654
0.4926632177262450 0.8519236234369367 0.2706319786717252
0.4520195641057890 0.8153810107570825 0.3496793914909078
0.3960120176016871 0.8685526457549975 0.4242392201435361
0.4771170153438750 0.8916378167083894 0.4691559873923272
0.4216098566175729 0.8243446552784184 0.5161558288206021
0.4898371859566272 0.8002196760820086 0.4344548181869772
0.4740629496747669 0.7445502301022684 0.5136994553412599
0.3962694650724486 0.7701074043026634 0.4297130500763313
0.3882893407632088 0.7038178929813645 0.5032984575558401
0.4825692300656917 0.6473770963704160 0.5245750701607228
0.4618860774539478 0.6937752395568648 0.4262706478868845
0.4796252177378505 0.6572334199852967 0.3074702331736381
0.4146731975681933 0.7232429241496112 0.3448355167711656
0.3662319360516541 0.6668911248137961 0.4125461077535040
0.3116112015125801 0.7510788658382286 0.3678585498579166
0.2961952142267111 0.6541259061494660 0.3486910392499216
0.2969096685013598 0.7198077953594801 0.4591198744552534
0.3104561193989855 0.8152852224305940 0.4399546002873367
0.3347300488279185 0.7841846859396588 0.5262188536493995
0.3389988475327587 0.8856806264425321 0.5060636012018385
0.2547749528623741 0.8893379385843623 0.4643655365665160
0.3071196863031879 0.8907587402945547 0.3815664995934804
0.3592820862111964 0.8211768793729963 0.3330495422859912
0.2516463944524164 0.8343503088800335 0.3232329348626948
0.1618853723384026 0.7812380420356615 0.3321303393276640
0.2246789646321079 0.7989913950435519 0.4063968683061885
0.1946706878466793 0.8952011274513574 0.3851561905007224
0.1702389114284737 0.8487782056227646 0.4789774576221688
0.2399533799428319 0.7912695358704449 0.5231568711525982
0.1665290431054074 0.7532710416224979 0.4625445808018904
0.1508734573571198 0.6568115694870966 0.4487799293900618
0.1372059361223998 0.6912814727269987 0.5431622801840994
0.2279783451960211 0.6944269179226341 0.5116315646974565
0.2207922748767113 0.7010971281322920 0.3980008137241329
0.2391975320316995 0.7296460214971374 0.3057667828763491
0.1463643674678086 0.6678661458742827 0.3447322371354464
0.1016507665052974 0.7359085225755899 0.3917975340779176
0.0489691194605758 0.6521204765044792 0.3443918586361452
0.0527190986452520 0.6635871443380472 0.4430746412123179
0.0406911476524415 0.6708947673207113 0.5363154433664892
0.0757395206154848 0.7557093845532055 0.4862364152227270
0.0752336737981535 0.8607255229810284 0.4940398217493633
0.1183719261021249 0.8351138044205573 0.4002136491316002
0.0306122549668558 0.8058891469407590 0.4187868339798422
0.0733955830295022 0.8312465390658541 0.3149758841978061
0.1128599926485635 0.8132816658094939 0.2234145475693755
0.0073171323221882 0.8169646421141954 0.2420593403180152
0.0613846101993726 0.7418688460705234 0.3013572020638329
0.0094071049771586 0.6658482997424107 0.2527373079546752
0.0664876245896578 0.7313296478162365 0.2050391532135535
0.1478908347930241 0.7150659298945661 0.2614571510692593
0.1663185259799418 0.8688254575731131 0.2863284501647729
0.2390820133917095 0.8734814098612411 0.2188953428354584
0.2023700788175389 0.7878350938301042 0.2309319083624340
0.1869421513957819 0.8227474543209305 0.1343215339978918
0.1936257646403226 0.7469105612024565 0.0719107401780041
0.2272105345245254 0.6696712769665305 0.1188936038556860
0.1623703214342616 0.7209975018558301 0.1654806701038977
0.1218792893910402 0.6793047522633875 0.0741736312446268
0.0855617827744038 0.6492459730108131 0.1606897375195760
0.0314546503804612 0.7206864789240914 0.1019731994785222
0.0203005246253462 0.8199507662126571 0.0714098328125430
0.1020681266573534 0.7784129625576555 0.1234701721088480
0.1077249964186583 0.8667252670018379 0.0838053116050435
0.0436674902111048 0.8453084202598886 0.1611742292626611
0.0489527057647369 0.9944079176188361 0.0545902645537464
0.0550177095263468 0.9402922439448440 0.1423254379236838
0.2088920475425853 0.8972651161969398 0.0716202467208915
0.1360283530990560 0.9638843729604682 0.0939895534406925
0.2190077358002456 0.9671437122717956 0.1412663772254461
0.1505243170355421 0.8953670356414729 0.1730506441642524
0.1829726678455261 0.9560633873578512 0.2454376339848386
0.0043148444880575 0.9068243553396991 0.2903963208659304
0.0791508235919159 0.9080204137005905 0.2350138380166714
0.1237339652979844 0.9955507218778028 0.1860972731326765
0.0166656599238170 0.9970870041698425 0.2207879210328451
0.0892718774376967 0.9946104736387842 0.2823853671358225
0.0322521530215848 0.0777710458292784 0.2915059153278736
0.0938706510024122 0.0792012965341349 0.2159514096298406
0.2320529883879701 0.1288215971355848 0.2834799691128407
0.1739453046119077 0.0517988958849462 0.2649032858315862
0.2272913119380142 0.0485586577211614 0.1907017647184784
0.1796912954156786 0.1342641325039198 0.1929360013380069
0.1610263699069199 0.0590876060553025 0.1205451614604598
0.0898411435361229 0.1048656874127656 0.0562370686067937
0.0597037216954802 0.0493103688795664 0.1301668567826300
0.0034222081626741 0.1274678795610100 0.0945491996589958
0.0026889901446917 0.1892220227649941 0.1633127328944436
0.0887714141435491 0.1500249322720837 0.1559191584371175
0.0649026243547636 0.2093177200095357 0.0699195503475505
0.1247773777860032 0.2384866963883268 0.1416810218902904
0.0525565263884525 0.3727942969268765 0.1342739765909780
0.0341932807384991 0.2799971342999177 0.1329289523738229
0.1044430898669501 0.3145148262766873 0.0679471434871048
0.1500917521190281 0.3933820887940060 0.1025096211033789
0.1930137407361641 0.3135408278420295 0.1209060776630497
0.1647434863841784 0.1523849063781033 0.0966754041657811
0.2226023853382049 0.2205153275114917 0.1390401078877790
0.1558814065203431 0.2256161951390931 0.2290117143670266
0.1342892982493749 0.1497407717462544 0.2788591555100075
0.2311610964834401 0.3773181614889130 0.2848145743338966
0.1998093311763161 0.3844439640804771 0.1919116932622166
0.2209872190939683 0.2946430949658994 0.2141383151128887
0.1629496032923270 0.3071256691223745 0.2893689932228407
0.1195589215957912 0.3854356273005723 0.2559169575474954
0.1159066385281534 0.3236420184278728 0.1889473893769241
0.0473587739886380 0.3210538725101688 0.2777701200230502
0.0573951909077993 0.2482227870081104 0.2192408739949959
0.0433882109608611 0.1589726016924031 0.2485475055471426
0.0615921220334993 0.1557866824526541 0.3568010585443750
0.0928487279816314 0.2356241531632748 0.3066958465270506
0.0619017446396991 0.2380753707338241 0.4026827549986411
0.0076367870657551 0.3795063285050586 0.4105368111232452
0.0915211972701210 0.3342525769503466 0.3589124691927905
0.1761353189896906 0.3438126898089751 0.4033752967400324
0.2486138196976662 0.3082572175425891 0.3586158409046569
0.2213325801870378 0.2244245695340392 0.3111887091695698
0.1694208495269458 0.1577269310034402 0.3663349628138999
0.1540106899838121 0.2540717847120191 0.3735570121959593
0.2289669727718255 0.2272891521254661 0.4244915042929918
0.1306060907352806 0.1820321335605044 0.4509439368599306
0.1545663087908062 0.2702535432892015 0.4719284040401532
0.2113144925244332 0.1772229442760445 0.5101984826690289
0.2149768619202708 0.2666236038603351 0.5418904387051973
0.2445135942124379 0.3348182161029520 0.4677161363670881
0.1550494682945120 0.3659367128253530 0.4989034937819750
0.0748333851097766 0.3239685577201501 0.4533748896368408
0.0194264127694840 0.3255990744905197 0.5353906712645358
0.0477349415333864 0.2363788875822455 0.4979454552539446
0.1173247357116044 0.2038115675629577 0.5526980253188702
0.0395326019019276 0.1473775593055300 0.4625905014000020
0.1109481401061730 0.0914724654987493 0.4323552641768516
0.0277987513440118 0.0583388430707432 0.4925312020227339
0.1090454886580515 0.0160192584556678 0.5034579033515054
0.1167382980996344 0.9300734385855847 0.4406290044076104
0.0259032189430281 0.9591000871474782 0.4784357115679925
0.0305629148418937 0.9072997053871854 0.3896263013519550
0.0739465085096970 0.0033005815892639 0.3986070646032325
0.1043901796471071 0.9197491550016290 0.3366087130316120
0.0044618833907016 0.9913561531282993 0.3317400647508437
0.0123113830869374 0.0767128631217309 0.3907269806398681
0.1160742277393342 0.0728283230956810 0.3404372053046458
0.2184250803978831 0.0673446439057852 0.3586013879133718
0.2471224764429372 0.9375074997950155 0.3134831288638278
0.1703695697685053 0.9843352882506304 0.3449095863778804
0.1744657462649337 0.0200482696389339 0.4327122316350287
0.1892353031463367 0.9483862406824597 0.4962254136176425
0.2099411267814573 0.0524310290954946 0.5197793388252863
0.2144240127834929 0.1123038726834564 0.4425582798676733
0.1323545007475495 0.1112816762941899 0.5270971220361707
0.3586252317381214 0.1175600543231103 0.5147548691122996
0.2920658545830433 0.0551812995825534 0.4741109098389533
0.3613764141265826 0.0223723687042177 0.5449686515717358
0.2750603514626945 0.9726491824626786 0.5235298397286758
0.3422030702938180 0.9649100659524044 0.4458687863005839
0.2531139618081711 0.9773312697521497 0.4122555021427268
0.3343984381903823 0.9729612859338237 0.3429085345023237
0.3087980330952876 0.0548866959135033 0.3839537949282514
0.3689449776958568 0.1242724921949849 0.4065182929796414
0.3518259064898136 0.0970746868917680 0.3072656794524575
0.4082130292961949 0.0269080171929810 0.3563841721915435
0.4907375684355532 0.0595907119464314 0.4248735274420186
0.4494194913808897 0.1121280281129762 0.3546327659794586
0.4052623255167987 0.9100485892371253 0.3376574643341068
0.4355512382962908 0.9638327192860563 0.4176786102672059
0.4960292166800176 0.9018768936325785 0.3691297262142972
0.4089746900137453 0.9407212180707034 0.5185303679043192
0.4733728544700430 0.0085623139173341 0.5054029982329846
0.3955132368581206 0.0467923323668078 0.4559994430038059
0.4497386965064617 0.1345475261980495 0.4760264843212834
0.4009131911257605 0.1891152104863700 0.5537801748382718
0.3857663625431847 0.2100419892227594 0.4522984607375369
0.4732907963717644 0.2467307072654710 0.4906792385722254
0.4649923810680302 0.3427330829282571 0.5184161174245538
0.4050435454716980 0.3048665254969762 0.4371335010578263
0.3834408508649346 0.2787990876028452 0.5258234275139959
0.3404061944659794 0.3680896697502998 0.5085265066370128
0.3036705031360057 0.2063372268081911 0.5518057891275754
0.2966245329594749 0.1626490264036822 0.4600727861382610
0.3026350868757374 0.2653768839042088 0.4754130244526362
0.3139617482720986 0.2408476839392906 0.3818838850487427
0.2771968626893334 0.1504736693666189 0.3662310806508913
0.3237983728418677 0.3467934679171796 0.4123900449604803
0.3267241976304026 0.3788390735211304 0.3145663846899778
0.3766650283963960 0.2951296245121644 0.3405026040454078
0.4153956130127699 0.3813184485466443 0.3656703710232740
0.4768565407622315 0.2745518928864530 0.3863075229671822
0.4959797812846994 0.3585233720128826 0.4268292193023309
0.4906855367281812 0.3421610479886183 0.3167161565925780
0.3975521326993280 0.1990509401680172 0.3541528712172854
0.4793798556121914 0.1863922313976973 0.4070692273250758
0.4147826698666323 0.1617113629379110 0.2613072008572449
0.3764453282598407 0.2609064822526439 0.2402763492485874
0.4822882126784008 0.2156481592925883 0.2071183142236669
0.4515810322603021 0.2532052998436511 0.2959356097260109
0.4718476922305709 0.3151987301075778 0.2184252713223284
0.4020670032821098 0.3570048037518605 0.2635723201355041
0.3009822555407778 0.3619624799273544 0.2182044232338883
0.2940698672267718 0.2860042203319189 0.2792934337634077
0.3236942259614358 0.1912773853081517 0.2925356279799260
0.3498179012059511 0.1752912331283536 0.1906090188680735
0.2571779299167906 0.1988178945970305 0.2234418060423792
0.3065787463535105 0.2661660293584949 0.1684857829955962
0.3349837981618499 0.1971167215207437 0.0977935826140994
0.2707452556674596 0.2707110199349199 0.0692084672335895
0.2866045200689474 0.3472643271039493 0.1204155889333667
0.3699109567986548 0.2987206116488959 0.0708897262210864
0.4132285809840465 0.3871411052705949 0.0870281644700910
0.3777343030458479 0.3375567361419829 0.1681580006384923
0.4640533595819868 0.3156095174877762 0.1205870271082599
0.4075661543219179 0.2453713880215496 0.1494133733457236
0.4241085755390220 0.2118790640151653 0.0553981095377594
0.4427158624175568 0.1570978227248616 0.1414225259477135
0.4393945517449566 0.1133910846493085 0.0607412564395624
0.4775531724951007 0.0634691199222066 0.1400407587874233
0.3930233707846525 0.0216511683515690 0.0957463606525293
0.3541647103966484 0.1059147749839240 0.1045838204610479
0.2601824618738563 0.0559729860868321 0.0930946710844114
0.3235719579476247 0.0308212846287490 0.1655941626815659
0.2650801904585215 0.1341514874404348 0.1407872152240277
0.3030011271195537 0.1005963855892285 0.2281585841295265
0.2713532808863054 0.0297217117639903 0.2881404055520418
0.4997042077759436 0.1217922105823950 0.2214698652719983
0.3960738960183542 0.0876356613840414 0.1947684785380929
0.4439119139444557 0.0619978115261521 0.2721045140628194
0.4602638602357106 0.9693766356665299 0.2854482188739877
0.4332701846424570 0.9956129886470790 0.1888127612741445
0.4990759794842979 0.9255428597093396 0.1970053232912615
0.4128128715102236 0.8982226779767408 0.2448606888720611
0.3628468619815256 0.0015375683655228 0.2579515513888676
0.2789049346801710 0.9615414540506240 0.2163736789973164
0.3615994005426734 0.9369666492756734 0.1725845705935151
0.3063352179587390 0.9649839527448456 0.0943038920706925
0.4456690537879194 0.9403487151300969 0.1055500144246420
0.5306110874106276 0.9847877616848597 0.1259189583840195
0.6083362893676880 0.9318064280569700 0.1180203777866393
0.6850516888476945 0.9781108249216743 0.1537365969093732
0.6742336630352113 0.8957946111788015 0.2059763326443890
0.7499779539979237 0.9854275653525095 0.2352267265383706
0.6705584452141196 0.9491718967151990 0.2862444728021163
0.5481517984845907 0.9298476901752408 0.2875866827746820
0.5994799650433786 0.9661099416460577 0.2093482977953366
0.5273167317133778 0.0239324807584023 0.2233564435999144
0.5938007584762044 0.0963930248267291 0.2307884495417788
0.6923889222635697 0.1204899785837525 0.2603164399243635
0.6644871152917244 0.0354313932758008 0.2312099647249334
0.6549890917815979 0.1344891343967500 0.1634923118042692
0.7281651659044681 0.0645442129233220 0.1628193517034727
0.6793589295969671 0.0494088411113089 0.0771123521485033
0.7252809088848728 0.1396623743715817 0.0915093969735548
0.6218495325399798 0.1285634396737834 0.0738550206457256
0.6054620075183075 0.0472302952961625 0.1448711046735747
0.5478483920160468 0.1364273988401004 0.1426441856296592
0.5405675616051591 0.0665083386521947 0.0696875268741006
0.6053967495059949 0.2168455636047089 0.1146085339216811
0.5075533711601499 0.2338195695061225 0.1076330990284600
0.5218404274364761 0.3581420675818086 0.0664693996965251
0.5351948468878893 0.3745235097452604 0.1642745659051575
0.5527027127593502 0.2812341152472113 0.1774485508038594
0.6058799997975179 0.3169796424808167 0.1061540286739016
0.6828664869939862 0.3022919518204299 0.0560833464122295
0.6353603012959845 0.3852433257950640 0.1670168262540787
0.7128790098582352 0.3304283212643846 0.1448630753135343
0.6982755623650529 0.2282440634927945 0.1270053037242229
0.6793344313332090 0.2086675456105460 0.2284381890165611
0.6370350571207410 0.2691621312863832 0.2986304540419964
0.7354592929243915 0.2814780300117738 0.2692479641012849
0.6457285127285437 0.2847070859494740 0.1952852437536022
0.6819392200586618 0.3582785955667656 0.2497720645652247
0.5837378915160025 0.3462226289142101 0.2545486261500941
0.5463763666680466 0.2624783049351378 0.2787907544630330
0.6031199263818938 0.1685936315048906 0.2994901411713757
0.5829494399898918 0.1956449234166560 0.2113288180468821
0.5068994581241242 0.1745625527225947 0.3057510754050872
0.5652581192487149 0.2256895990086740 0.3701324256026246
0.5704538932825565 0.3265650400205360 0.3641407887178145
0.6664095882661156 0.3472328590504858 0.3455702291799723
0.7354043921201279 0.3533066048660127 0.4194907536770331
0.7387441551293459 0.2738408698516657 0.3627357075407831
0.6932110224664241 0.1949524991444289 0.3281070465510330
0.6495486435564835 0.2627334599706885 0.4027559421699427
0.6383822253416191 0.1635799449650002 0.4021242594384111
0.7325676101550176 0.1937001624338668 0.4211818285921838
0.6475829681269882 0.2125530088380905 0.4882841350606293
0.7040377343506519 0.3769450055263432 0.5160205218320584
0.7235302311984690 0.2744237908836769 0.4749811919817757
0.6353990644915255 0.3496310851215814 0.4411881041362979
0.6412589046871671 0.3006634774762671 0.5220836602238728
0.5597912566764176 0.2796216354296313 0.4525735691359376
0.5537703693202229 0.3623178260133511 0.5026871054885935
0.5538734409983008 0.2589539948051929 0.5463849089726842
0.5538535962056024 0.1835123924369058 0.4693032070565590
0.5335219214196560 0.0881415684022557 0.5063279346125802
0.6217840257084619 0.1039066467738672 0.4779521530946227
0.5228811899562125 0.9320539447790110 0.5457688208683711
0.6177266028256243 0.9105152478409029 0.5390116190652459
0.5884764052398670 0.0012834565329374 0.5081618392328762
0.5390595304846486 0.9645337459955792 0.4426713632808792
0.5981980576300807 0.9293961777307225 0.3736066186791427
0.6000444680166459 0.0090324715092891 0.3052022236300671
0.5134404944400197 0.0019087529148776 0.3542811793897354
0.5367322674405708 0.0809815861366285 0.3095439220459193
0.5542651270339771 0.1209143745022641 0.3939015013992402
0.5964448175218746 0.0349357062417770 0.4110082554594083
0.6394263076639750 0.0876313740488404 0.3368221614474329
0.7046680263798373 0.0894176798974007 0.4054669307024221
0.7252933357223643 0.0397086063239125 0.3130127804120266
0.6768152489378068 0.9907798176560492 0.3796435550685755
0.6555926301858097 0.9341812036784261 0.4539040280560105
0.7329867717695850 0.9567105481468456 0.5160784576450805
0.6783566176914566 0.0287910380099401 0.4774079210598339
0.7113637427802715 0.1333762779171388 0.4940869411963280
0.8640424232259476 0.1185437151481088 0.5077955423009695
0.7979524969768090 0.1212148945373099 0.4386072301195114
0.8643308858777630 0.0444613054667466 0.4484888730103602
0.7710554587173948 0.0551472885130531 0.5099830119144808
0.8257009496819019 0.9656363546233571 0.4896264932490844
0.7632425127884885 0.0122259540685465 0.4239237629030070
0.7595704632012334 0.9169987763417418 0.4274611611253121
0.8578455520246053 0.9675412004041817 0.3890202808504879
0.8478665266221221 0.9034090048496097 0.3218247280666673
0.7710676027228800 0.9594800937285248 0.3372348012978867
0.7604189920673918 0.1288527736063951 0.3377767474855076
0.8159974965252417 0.0573808620683220 0.3600944590492197
0.9136210544996035 0.0466584612271523 0.3589766230065381
0.8844158073730934 0.1397146338797368 0.3940816612896623
0.9602738103231996 0.1365399417837856 0.3323117710002514
0.9337420258007110 0.9025715623619603 0.3732099295388043
0.9622227962529606 0.9928921343341892 0.4179549836541596
0.9084814410395787 0.9317890460065532 0.4711846249980483
0.9330284519445149 0.0133931974083461 0.5109567289474544
0.9868055446948474 0.9106148064025230 0.5539514130443559
0.9458810155623132 0.1015186023851693 0.4520701853620430
0.9548818654361177 0.0969410531865136 0.5519226780976274
0.9614624238622662 0.1860536523381089 0.5093001742328032
0.9312168017274032 0.2702006541124500 0.5449141605390058
0.8794216936049719 0.2090749737255211 0.4643673386090468
0.9513826779562344 0.3802930561404547 0.4934646068256192
0.9729726086462342 0.2827947765039180 0.4555798296935123
0.8852255938131721 0.3200233026689980 0.4682569981831359
0.8343344677810953 0.2743936541170311 0.5420582660443014
0.8105722872900771 0.2742108154911613 0.4349847396372957
0.7976550048611406 0.3524253431848150 0.5008611675364947
0.7876516024651439 0.1978127800867313 0.5050142118362506
0.8177240829303947 0.1993081121274345 0.3727364936645250
0.7610729598126458 0.3692166471457694 0.3217331055502393
0.8258404245708131 0.3756650184930386 0.3963559321853405
0.8282786555231425 0.2913100026916711 0.3365073902433324
0.9140060606805536 0.3518306653701733 0.3833900619342787
0.9723417863339723 0.3843130032094682 0.3149392954907944
0.9987409379856462 0.2946381242926259 0.3624126375086902
0.9062206547378087 0.2549364210858243 0.3832806517181295
0.9729230256651458 0.1930679332464622 0.4065136031094088
0.9438812128190617 0.1537299690154157 0.2368115918613188
0.8917385608499120 0.2103669268620536 0.3015265559706963
0.9435137882294811 0.2461279421247609 0.2082845305072379
0.9930272582217983 0.2233104656208733 0.3019487984802700
0.9902827851529867 0.3293840384528381 0.2074079041555285
0.8946772190099366 0.3409692512159195 0.1945859784756431
0.9332074849066516 0.3008435212010006 0.2875638283292912
0.8412088555478121 0.2765538439613651 0.2431319065500833
0.8610395625464640 0.3656984130408261 0.2907465430419276
0.7782376197242806 0.3598379296204781 0.2259681778612944
0.7844855276298657 0.1993596384167293 0.2793136316304226
0.8495615906943161 0.1816467810669580 0.2114788129203590
0.7529737926770652 0.1603162299262741 0.1918773752741488
0.7691742115403359 0.2601304946633789 0.1833502973349778
0.8728244903454629 0.2593748100714168 0.1450856489267880
0.8032393812252234 0.1998491761776922 0.1149455900329674
0.7744401394128313 0.2783001075893927 0.0700440058570690
0.8109270444765859 0.3414100484505793 0.1399976605340207
0.8651270043247852 0.3278820598571908 0.0673753382062416
0.9484411646576780 0.3213243817342704 0.1134063860797738
0.9641065967748577 0.2298349335275620 0.0835819835891130
0.9081777696401443 0.1686043754979596 0.1344458078256141
0.9153874491209253 0.0794833202957825 0.1154041989688426
0.7837905897093220 0.0630037488790529 0.0676593242290193
0.8192305830397424 0.1049972206369327 0.1429853779307979
0.7856470594655249 0.0857524162567813 0.2459008179654280
0.8592895018744557 0.1202730540740713 0.2992260510197420
0.9895227784594591 0.0854178632225477 0.1856824970551688
0.8810016338370086 0.0845436505845645 0.2086335419399469
0.9439225124968376 0.0547268452343161 0.2724339781264179
0.9229090680099401 0.9603394286689306 0.2939043375308417
0.9156861778247816 0.9959864869031965 0.1998988148497868
0.9722347783402125 0.9147070878908330 0.1971085765281145
0.8408689076119829 0.0109535677670365 0.2817840901173583
0.8477648677342948 0.9269834591654582 0.2286137537022660
0.7742781662536737 0.9141573254544693 0.1674319582463094
0.8171087961266679 0.0100416931707457 0.1777709070157315
0.8630961257263166 0.0062114361764076 0.0977270272421538
0.7629482926574154 0.9789720754788236 0.0983462972750879
0.8139523547522707 0.9055339735690950 0.0737006223827783
0.8896061704279865 0.9260112350210543 0.1372435716138971
0.9718405470322842 0.9989168784837184 0.1240217993832655
0.9811760965910601 0.9077490814244287 0.0907798358301957
0.8960521516625084 0.8560151083091931 0.0672389878926023
0.9446355221440101 0.8336560808319315 0.1488530566238645
0.9017375652234576 0.7774392845584492 0.2151109947285804
0.9195131288342968 0.8629871088969898 0.2552673797008883
0.8220838712234220 0.8256859918188566 0.2615398796258525
0.7532558451823377 0.8942979896123926 0.2672420315779890
0.8468866496000094 0.8474947199164926 0.1674769665128307
0.8526965701629212 0.7719699295147759 0.1066002387733898
0.7740602910144347 0.8203457000902910 0.1029723318597600
0.7604377278249004 0.7124612615939794 0.1237059805074801
0.8292907271810659 0.6630840035379644 0.0937932625250322
0.7797374716070911 0.6663587971517455 0.2787578202434673
0.7699203444061551 0.7555881437204535 0.3032494861958763
0.8107138680317667 0.7500451117234659 0.1962370670687562
0.8590042730482068 0.7269468879171261 0.2867809507855539
0.8286368278299130 0.6589858242922861 0.1933563579099572
0.9181813458011314 0.6742117820354931 0.2354861728945615
0.9621296539734066 0.7449765943453064 0.2880896377097855
0.9844497985185989 0.6471010429424633 0.1608244272771556
0.9827072741537068 0.7492205034473944 0.1753207720701669
0.9024211495001406 0.7012465339349678 0.1430946576116108
0.9434774535983008 0.7643994755228734 0.0747892109244273
0.9501085370586320 0.6674922604895686 0.0650837326889742
0.8976061991828348 0.5960771865328176 0.1041770204017505
0.9807376197945739 0.5580720792507783 0.1279094759359880
0.9711081715414598 0.4799153470875690 0.0778249514078015
0.8855369039253236 0.4147246353315477 0.0942546637859540
0.8913020341231763 0.5015199920266995 0.1466290720822536
0.9609724535512170 0.4129862430388178 0.1500163284047930
0.9748756101557476 0.4983200982356746 0.2050462156245078
0.8839548158238277 0.5066769435560885 0.2487569580123957
0.9254905330096626 0.4199916767808609 0.2422147273328629
0.9795254930422765 0.4798070311472822 0.3023590495847712
0.9570631223322765 0.5763524786027345 0.2683212727106871
0.9010033955783161 0.5881270989662968 0.1962023088127535
0.8680577604445610 0.6212056087060545 0.3003282681511237
0.8063028254886135 0.5758247743431257 0.2420490790134159
0.8080780473061151 0.4429428539982538 0.2728035698070931
0.8472011272231073 0.4223460459363200 0.1821634060786165
0.7936192253170362 0.4964375949769424 0.1881264337279952
0.8087920593215969 0.4680208926308849 0.0827045825314534
0.8095111653498006 0.5723709376137152 0.1418713838625869
0.7338878231869570 0.6155336763187120 0.0980850463807577
0.6484995654875712 0.5799208831989711 0.1327305201510895
0.7284139654337536 0.5141156424155482 0.1085115034662625
0.6780862943778097 0.4053795770228756 0.0776937073583954
0.6486400748377905 0.4800257271010420 0.1533460980698370
0.7468954705383131 0.4202782948060972 0.1396634343075449
0.7150414811994428 0.4440817905316332 0.2226701803670429
0.7472629515193838 0.5145951769636161 0.2886328658519475
0.7127484502512256 0.6049971680009623 0.2914830708368317
0.7325136421721030 0.6347173007840528 0.1932518509363125
0.7056517901336861 0.5448139062129005 0.2016648327084009
0.6377311116897992 0.6214829712452790 0.2353869754372572
0.6470348311612946 0.5254430062808384 0.2794117493676238
0.5677360943551890 0.5844549831798058 0.3011749600857396
0.5850482743836767 0.5469223069928517 0.2034288688787819
0.5097765876501064 0.6040656395610464 0.2298388089344517
0.5455112637734323 0.4935623774357538 0.2898127012777831
0.5104773434296588 0.4082497451190790 0.2551057421143138
0.6168708061516841 0.4429398322098486 0.2422579378997906
0.5469551436804760 0.4678165622811683 0.1810088493998249
0.5816935720721852 0.4292099191179510 0.0908314748649093
0.5675544482435333 0.5282530017324969 0.0978273482250138
0.5725468622403138 0.6363471908519827 0.1596233038703517
0.5285442337360040 0.6152885709165685 0.0829404799096687
0.5897598743933457 0.6876319171841521 0.0616970870533000
0.5896530142127858 0.7444065692411306 0.1428568506064332
0.5034810754260888 0.7092903053626312 0.1093931508650718
0.5412392319287114 0.7914100462468279 0.0730457387618499
0.5206301979696693 0.8749913209058555 0.1126034265756686
0.6164451783537221 0.8372638246441333 0.1288055184020644
0.6909218290731269 0.7736009914806090 0.1274148436934885
0.7021842704104713 0.8793542318730332 0.1117034739685323
0.6619144220352440 0.6778382473732656 0.1404868743072878
0.7186491386692038 0.7269217710614633 0.2188965612212449
0.6764410581262950 0.6995942596443812 0.2996457075215579
0.6981798841072564 0.8141627612250704 0.2915391731897048
0.7443941142520187 0.8222293712541073 0.1981496940025317
0.6466685300812740 0.8005576780018695 0.2157748808405512
0.5658929797247252 0.7839315258114767 0.2691896261607102
0.6201989476853687 0.8660269322910918 0.2979235637033899
0.5754843498125632 0.8712770826657830 0.2085752539203231
0.5192840044159963 0.7991445002092890 0.1816991445300066
0.6191011672460975 0.7118106786518286 0.2246280795226804
0.5763396302552568 0.6810987332371219 0.3009514525877470
0.5209730455131614 0.6983705861432619 0.2111251088110681
0.6238921456936564 0.6887042619147070 0.3974047257252920
0.6228823364591460 0.7684398843042508 0.3423641887492535
0.5240335658054778 0.7356803282540481 0.3637536547291078
0.5552025207269842 0.8332064445830991 0.3610768484115008
0.6491850793429643 0.8348560628315160 0.4164616336905780
0.6931946782607890 0.8912825026525628 0.3618920083118349
0.7215573694930826 0.6707797108066089 0.3764243299962562
0.7107396616860004 0.7658058934757996 0.3777280115623161
0.6710731975882167 0.7422298589005096 0.4647435744116679
0.6274465884101503 0.6645016654009142 0.5010793324972582
0.7211112354757989 0.6677183528938999 0.5192765573241664
0.7353725944892067 0.7697881316937611 0.5357692287546947
0.7022801148161202 0.8650609513554539 0.5098636675496284
0.7463660717889531 0.8210138162778160 0.4448452916139167
0.6272801561648160 0.8121007944434833 0.5172479164489636
0.5724662700483130 0.8737236801365500 0.4555832743722701
0.5231299311063644 0.8295353102956506 0.5292854485271044
0.5778592154235818 0.7678528819485628 0.4412709159597659
0.5662991484377655 0.7437499050830436 0.5391408960958486
0.5456601044940763 0.6789209344586344 0.4644030848719671
0.5647509847489411 0.5849061154533690 0.5365556557788771
0.5999965951847686 0.5877361308553468 0.4390902770992773
0.5353601046952559 0.4421232409944467 0.5492198157479893
0.5673493810735639 0.5056920105066101 0.4813772978056445
0.5786111946218355 0.4253043089209079 0.4244602100948189
0.6155975844737416 0.5037134483295933 0.3701815446116559
0.5951561156936553 0.4121954524138840 0.3299046866240936
0.5053402655140573 0.4326630958534674 0.3606488773361476
0.5385477639869820 0.6328477584255257 0.3803684035849078
0.5299558550082279 0.5274328309051699 0.3852986999149095
0.6423993499409826 0.6048819447352713 0.3527628179393836
0.7072724877689338 0.5297013668087021 0.3769653597068785
0.6901694338473852 0.4402016109823177 0.3183163463977530
0.6793049569622323 0.4331350820551980 0.4125202526613510
0.6617962325465805 0.5125964018418099 0.4628052790982329
0.6322198847698086 0.4317082425060079 0.5095779571710433
0.7213771318944957 0.4845631676054816 0.5374371537528180
0.6642093085908836 0.5783446215893198 0.5326709970682078
0.6941886645746811 0.6129962776248188 0.4417996363839845
0.7625342969193039 0.5850898067776338 0.5507517137637519
0.8750284116456157 0.6106416285713967 0.5015495030403254
0.7938352114807099 0.6217598339311630 0.4559740550370441
0.7573761035161373 0.5371819963370685 0.4616755432845010
0.8370296517860853 0.5244324635252988 0.5187565099540552
0.8111824408248696 0.4405832399018252 0.5475773224759390
0.8637303356503496 0.4273124236486703 0.4664506294616055
0.7622569860121113 0.4413583670833026 0.4611961594604419
0.7775400747421055 0.4566621810430929 0.3694680034001667
0.8388841075494966 0.5097828611567166 0.4204008623599120
0.7781505066791543 0.5888788751077227 0.3646553291749854
0.8746861814966431 0.6061617224907818 0.3994907119815843
0.8382151137640541 0.5303951413579322 0.3268002666122900
0.9290167778439913 0.5372480315119039 0.3548483235452724
0.9543023969136812 0.6411940257084547 0.3377605608615522
0.8833532718728287 0.4446938167349264 0.3408472688093829
0.9358055709414161 0.4464425557867573 0.4145268065541587
0.9097913974712264 0.4528441019434086 0.5488235420440446
0.9855129286256226 0.4813463270511438 0.4982647358517600
0.9329114504789286 0.5515128430499165 0.5521838615107864
0.9223007399709737 0.5350883036887326 0.4545896293303877
0.9533706093099079 0.6436881462315702 0.4392362589212724
0.9468112011296435 0.6533082383156554 0.5432300942216839
0.9036804777952634 0.7548796108393534 0.5396746398514110
0.8767873313809469 0.7029239472192217 0.4577923638704529
0.9759696154323261 0.7282370388372226 0.4775786914191926
0.9992827499913712 0.7270466413661592 0.3816017134498464
0.9082119762146634 0.7168501148501074 0.3694898340472732
0.8178626288104165 0.6798948831257612 0.3699922296096845
0.8187819560920029 0.6825636979171283 0.5320054381108703
0.7666649824869096 0.7171703821104793 0.4501725289733400
0.8287291518383078 0.7849593477966359 0.4887303500003102
0.8059279453979329 0.8726240274058059 0.5114441414988342
0.7770797800099269 0.8470900437587947 0.3533823630586483
0.8242301604973674 0.7732154282211263 0.3908175240171226
0.8503441046347819 0.8683084527695459 0.4215250795206342
0.8884824621327883 0.8127641908227330 0.3338672420239353
0.9795960408175661 0.8230705214550491 0.3424388064751782
0.9789274035030946 0.8729806308182597 0.4591145240330485
0.9220416411305528 0.7972275354491918 0.4297536446120496
0.9035965487376156 0.8478244534446915 0.5155588621915432
0.9962571078351461 0.8046975411989969 0.5268247398456254
0.9593112115978286 0.8366675649839055 0.6094494462852353
0.9009686112811983 0.7725077588921436 0.6533116863723991
0.9439108598397099 0.8403717564883888 0.7068610280670169
0.8973902568882979 0.8847850384449518 0.7697973459261072
0.8633702956347364 0.7800276954280807 0.7438502275902474
0.7933382436491940 0.8620432267374063 0.7536423321285610
0.7590784619616939 0.8428076085486722 0.5940032883385300
0.8642788404397761 0.8520358271893806 0.5982134220819779
0.8111780449479684 0.8177463423352054 0.6729371769496095
0.8174303086299441 0.7651341520799135 0.5870448279952558
0.8211033805835499 0.7152251100363232 0.6778264754707408
0.7628453731259888 0.6814688158444235 0.6077754154131789
0.8097992594816881 0.6767246025471583 0.7600120522670484
0.7603631299435381 0.7681927494520571 0.7506656177790847
0.8991654424792372 0.6948693971613038 0.7734364540329375
0.9737134461208949 0.7570127954719117 0.7430483462090069
0.9392695012105747 0.6883324697543316 0.6850856288818428
0.8778714931674889 0.6809390358171423 0.6064868224944500
0.9710561193482414 0.7313041667638369 0.5973339774979973
0.9384908379247565 0.6032418990771287 0.6340558333593631
0.9959811394847988 0.4138584356446702 0.5814783552155804
0.8780538128606739 0.5064750895900589 0.6218327815568496
0.9286564072763572 0.4282157257134556 0.6514894901455046
0.9840438111056331 0.5044158391353859 0.6187975340434166
0.9908856148606642 0.4717064424401838 0.7121257764580295
0.9158119285781323 0.4856509436828458 0.7881860018367670
0.9952257986730220 0.5393422591200812 0.7919141736901543
0.9563250666782701 0.6167432230239276 0.7556311728961249
0.9188141285570368 0.5344818729096950 0.7052203828428374
0.8700707410864625 0.5847062460709938 0.7832419983632339
0.8630539075986881 0.6253073368019579 0.6947758117939100
0.8229119818221182 0.5350322416726099 0.6974951571832946
0.7685440829866246 0.5930899893192481 0.7691176349013580
0.7711130902465779 0.4172858198524663 0.7752784580009446
0.8193816153792692 0.5014962467726400 0.7902536018367849
0.8531120689025937 0.4451617375130161 0.7195731150373448
0.8325587731367996 0.4123796106638677 0.6393452502498127
0.7822053692624036 0.5027951596990503 0.6157262105253218
0.7708849446644206 0.6065113324776468 0.6621309031355922
0.8425410396375321 0.5937849152037209 0.5976178209422331
0.6785557158088813 0.6381177381460954 0.6093332468350587
0.7008407734608779 0.5418010533037740 0.6193774379658599
0.6823389555128587 0.4353244191507442 0.6086506712129729
0.7351993127178913 0.5142761398321900 0.7238956806287751
0.7479169055295940 0.4360712825403310 0.6814014894323790
0.6497708239103388 0.4918164678745194 0.6817794617459663
0.6826509192362478 0.4503311523298499 0.7801351041035749
0.6811096381826753 0.5918588176595490 0.7005303807523993
0.6828906429983048 0.6315214323942067 0.7920737790461831
0.6476617074933992 0.5417542423853627 0.7820915045442478
0.6044892273070483 0.6361788318004782 0.7306167586079508
0.5750624470319581 0.5396986718155199 0.7160674601625161
0.5073371637235309 0.4201136191767862 0.7879531709505956
0.5901568609179444 0.4446517301674211 0.7437135204634024
0.5041486791241963 0.4670541202658187 0.6925151647081640
0.5386770154684282 0.5164662268084663 0.6170646293682018
0.5855425669240168 0.4294672329234250 0.6425026318754232
0.6191853453072365 0.5027556104628759 0.5734912042179185
0.6017975947772789 0.5845203978985369 0.6358502333479350
0.5385956153488696 0.6605047631934948 0.6711717350329536
0.5786665447886961 0.6628589021303493 0.5857958394951031
0.5729425546724118 0.7591125365290352 0.6349641396548773
0.5711056680324620 0.8524973961200975 0.6034100995176093
0.6604694477114430 0.8161459377237550 0.6068659243296188
0.6282357424806082 0.8885944007092001 0.6694081271384695
0.6596940339084112 0.7279671095494888 0.5762694002167426
0.6409764061009224 0.7006024104353219 0.6715433036177407
0.7258811703270678 0.7573640298809943 0.6518385650465073
0.7253679830845896 0.6795341296851387 0.7111325264245771
0.6673696949465362 0.7325618435900429 0.7723628552866579
0.6963197790308997 0.8336368626796784 0.7926614894370310
0.7142339233374311 0.8465607860987341 0.6918899381316150
0.6409525760323116 0.7914807189583548 0.7074535350573721
0.6166689507444274 0.8765852757863024 0.7661377238205584
0.5504563793647606 0.8285995744558468 0.7019365497523171
0.5585409033838973 0.7319007120361143 0.7332611833986309
0.5946354288350162 0.6824129386999787 0.8139501138439085
0.5870725644603656 0.7317523997173885 0.8955221309925696
0.5048680080976307 0.7225064144344608 0.8203369347576885
0.5368334823750156 0.8854969354248967 0.8301397910137711
0.5371118977798273 0.8092573084432242 0.8892397941950760
0.6219558589059839 0.8660895247931906 0.8675964850502285
0.5917694132621913 0.7900440744707209 0.8046809150746539
0.6675653812253506 0.7785161234026570 0.8691653553635874
0.7050737273705647 0.8734186357795271 0.9112782781264739
0.7439823210132115 0.7026855582683174 0.8244834834049433
0.6689090260580559 0.6820105757198227 0.8791363776488319
0.6663853366723491 0.7264413326666619 0.9665089668831353
0.6844577326235672 0.6792308531046556 0.0470755973066936
0.7492254393513522 0.7514571991659154 0.0347086240269283
0.7027434443793528 0.8432005835240812 0.0237747475115804
0.7332446901502552 0.7899386983280887 0.9491001953515597
0.6423305830592669 0.7737210120512186 0.0486189211792170
0.6045153586633742 0.8682885287233215 0.0383069008295223
0.6253855064125164 0.8203902800428489 0.9536010709396645
0.5216518757411159 0.8294381305523595 0.9886180999126217
0.5671234630621602 0.7466376473970324 0.9881296619798012
0.6039311681737045 0.6462116491144141 0.9581549117068657
0.5188941176633075 0.6620909220072659 0.9910010126104563
0.5440652722355726 0.5674884186427553 0.9975358416027220
0.5586254968021853 0.4711568642367960 0.0086957173422915
0.5585384461275384 0.4483808339637578 0.9189269592044942
0.5688744432094164 0.4931224369896536 0.8257271069850278
0.6149209549081753 0.4082587396595443 0.8373615761236899
0.5621976628201968 0.5881530872529466 0.8058559722237975
0.5353559710673412 0.6443652762891163 0.8877274229591270
0.5450341754613799 0.5466831590607175 0.9065283398000143
0.6292813153139436 0.5926708712319562 0.8748817412426104
0.7276403886739495 0.5975963390144214 0.8738527980750239
0.7299758521805306 0.5190457280059722 0.8274228645036634
0.6462281275945960 0.4974455465448819 0.8779700506352472
0.7009021885531386 0.4200252837501874 0.8883653238603724
0.7265896639742455 0.5133540092303579 0.9319133821027521
0.6473661274295992 0.4454980014995189 0.9679398895202642
0.6463277001546230 0.4976581298269418 0.0521029392442915
0.7340963696485772 0.4594656619675066 0.0163164741087460
0.7157575835682004 0.5580003172649326 0.0198599958368135
0.6307808128500723 0.5423215595573840 0.9614362650841388
0.6955709924160414 0.6250253189917878 0.9601520416847638
0.6267885572495095 0.5993222883457843 0.0455280574796506
0.8753514882557951 0.6281292648584638 0.0131840195468762
0.7921421388503100 0.5908859713609640 0.9492999197326302
0.8055828678706805 0.5650322889914425 0.0460557389017222
0.8640885653791845 0.4112452043383379 0.0025974629338699
0.7826069915346312 0.3977026619461446 0.9497203114439625
0.8126450894762960 0.4927671718936184 0.9762743119160671
0.7857523949136258 0.4563679937085225 0.8738451297091110
0.8752667654196542 0.4638394711632869 0.9091966949520527
0.8646027999597132 0.4117222145837276 0.8251166952420148
0.8116656605409984 0.6357376508129529 0.8514271109453639
0.8264161994627948 0.5456598788058040 0.8730837166539864
0.9243371513381979 0.5462398889916049 0.8603730789785355
0.9091570614512960 0.6388350101166516 0.8563597543151673
0.9577618375450663 0.4499044595933501 0.8725838828741519
0.9387756114155930 0.4700923795043424 0.9856290860017018
0.8843449144599327 0.5145581587886876 0.0470273397506984
0.9634922944120010 0.5735877186982654 0.0257646858899070
0.8867774689083365 0.5571987507565146 0.9506405589905815
0.9861643120123538 0.5317664372332167 0.9361202520490484
0.9528116356025333 0.6298439257710207 0.9414635539294249
0.9337439967406200 0.7117938600441052 0.9824329291127187
0.9849911234322519 0.6841411922240559 0.8202495251603665
0.9293672945665632 0.7344484413688692 0.8916574921765112
0.8418896505459412 0.7309849223772382 0.8421490981653499
0.7587057954528036 0.6984425685355278 0.9224881929567308
0.7743110794948835 0.6621537789909568 0.0108105542456698
0.8540195133192032 0.6684775887829988 0.9308035753219344
0.8309462956379225 0.7618982495193058 0.9331763828274531
0.8462590328144679 0.7282730029780125 0.0243186420174573
0.8106100370503126 0.8259764414528903 0.0139878374866356
0.8040794154515942 0.8557547706162485 0.9200022629038556
0.7586418637341987 0.7912716729586287 0.8533579039406216
0.8389675834116592 0.8256950725222965 0.8271994324693803
0.9296924251875596 0.7907402006904631 0.8154747970677378
0.9007675501988932 0.8319569848515316 0.9023793083510532
0.9975809025910940 0.8136930244807357 0.9080553527084871
0.9722965379299247 0.8739134905132426 0.8333485030822072
0.9052534031849233 0.8010593274757867 0.9890062932110670
0.9686342300343278 0.8717420996299399 0.9945923319316663
0.9893030460007837 0.9782346179150296 0.9782984580326570
0.9022503046936903 0.0006913018374834 0.9298562137094228
0.9208511577012910 0.9594703318272628 0.0373871776253234
0.7560396509410872 0.9118510284588146 0.9927884984917530
0.8251835306321311 0.9818081346870648 0.0082334222513827
0.8704337092891752 0.9022012836192335 0.9779927140746569
0.8071765920109466 0.9515048330979570 0.9132657432551381
0.8561501054580964 0.0132940900767655 0.8326944573822768
0.7597221559933045 0.9997961946353240 0.8291701746361959
0.7622506866971368 0.8998191789827283 0.8363490265682445
0.8664657865965411 0.9179277109821837 0.8531645198667099
0.9424399651622513 0.9199980108093742 0.9133703431484694
0.9450115927836120 0.9717038436223853 0.8246572456767443
0.9102230897433357 0.0817207466912393 0.8687871544596300
0.8126490817946510 0.1040222570033458 0.8477500942242326
0.8154041617387273 0.0410455560412792 0.9229873963827202
0.8641706309132813 0.1231192433469450 0.9442190091340199
0.7786482827819308 0.1061010211325804 0.9845594861786389
0.8442081555952323 0.1385213689666114 0.0524689965012748
0.8825963346406560 0.0558171612889826 0.0125189105095755
0.9629726124512361 0.0776135959781328 0.9502519124501745
0.9755158082577555 0.0535002586588107 0.0431156497217702
0.9297618136434909 0.1481699691468910 0.0267065898778924
0.9633900536060831 0.2359533552557147 0.9899617362405830
0.9712559051117937 0.3917660501588813 0.0442673233346718
0.9631990719773023 0.3876694794389535 0.9444128617309391
0.9226101447926518 0.3196647880880550 0.9975018242084028
0.8223199049045151 0.3123049329795970 0.9802238375456451
0.7765677490070844 0.3762686332807321 0.0520266135906715
0.7656135386590504 0.1944271958840618 0.0197772237871663
0.8738333024842073 0.2355431351081443 0.0487507453236382
0.8474870999717505 0.2141630397027443 0.9673005993140216
0.7996163873047140 0.2680559214060745 0.8936625322684295
0.7757266096883404 0.1716716639755873 0.9126700507342218
0.8722157282974123 0.1919889589300621 0.8658090525118614
0.7908809202589642 0.1999836561176072 0.8181730345030960
0.7877330027939862 0.3587058001014185 0.8568068893969005
0.8715081891905241 0.3636189289008653 0.9132107389712882
0.8643753252964479 0.3017092460107933 0.8275499332138752
0.9036825550791434 0.2706425817536475 0.9147865047012782
0.9989081687280947 0.3033529838523927 0.9210866842047041
0.9469290292267507 0.3549979491738902 0.8465777400714580
0.9574747708079299 0.2588926453831770 0.8347899242019359
0.9442612647208204 0.1689704338183149 0.9238125084146251
0.9594773918033486 0.1676633991697680 0.8191270206967134
0.9447238196468413 0.1883295581082931 0.7219188587704746
0.9978945398704955 0.3676394642281340 0.6924413108316119
0.9294134881850940 0.3919449881371013 0.7555245689047021
0.9310272935812338 0.2921411703690886 0.7451340748538688
0.8361110750572052 0.3470183915730960 0.7485724669486336
0.7528763525523590 0.3449928432453766 0.7041111717806088
0.7658435598710658 0.2908377657239685 0.7893194073683698
0.8709278869022992 0.2272083771234465 0.7703957710271816
0.7910467700869912 0.1459892784260530 0.7380843785076616
0.8114913030409845 0.2539901165421821 0.7087073182708810
0.8598003818703575 0.1701741710250380 0.6790629689958030
0.7995160024926680 0.2133079659428341 0.6145867905876610
0.7581072791284833 0.3787253286233974 0.5934238674619488
0.8137678884757538 0.3113276029742020 0.6301333152140354
0.8798901143049904 0.3614289545645670 0.5656827588576043
0.8903803818912785 0.3409159132075281 0.6747988527193394
0.9588909900409850 0.3300564467460385 0.6100930670935443
0.9937450102122867 0.2648089626477312 0.6789125982328230
0.8985532502846993 0.2526930295747021 0.6443830597177012
0.8775444663900833 0.1894761034801646 0.5667784531171931
0.9546699631331088 0.1739109727278896 0.6200257407448733
0.8836722295358119 0.1017654318985679 0.6147476452631147
0.8975720196215908 0.9406623330368153 0.5731511493153711
0.9303192144784882 0.0186133616636808 0.6307269330390273
0.9572004356117825 0.9289603476724222 0.6500284828265623
0.9990303056011527 0.0174898200781286 0.7083701915494085
0.9084979484797633 0.9831769914911697 0.7296944412472588
0.9885391804829244 0.9295549741298681 0.7463349541150148
0.9504420321142919 0.0570814238939723 0.7882146235179717
0.9284099541955659 0.0931259650379195 0.7003678794661130
0.8798013659752377 0.1311541320992919 0.7819874387547203
0.8460543818003381 0.0545144560644275 0.7461291492084257
0.8222645180602837 0.9504804026853362 0.7657225239870862
0.7653919229215740 0.0085565295378711 0.7209328509030841
0.7741791465484140 0.9214282360155048 0.6698297451475714
0.8692287840974910 0.9002206980261043 0.6788363065919427
0.8448605207993216 0.9944040938428398 0.6576857882448308
0.8034003339950613 0.9353055113669220 0.5839685298272841
0.7611599973686478 0.0183451168602866 0.6033523856890117
0.8508812191912969 0.0312478437188437 0.5606614355657238
0.8066085693071470 0.0855030918660518 0.6630631088625745
0.7895948255356950 0.1244318690084099 0.5754536328867157
0.6963639685966458 0.0939923989966385 0.5766972322466286
0.7106548183662684 0.0736049646996164 0.6726803440031357
0.6959128430092183 0.9109774977568088 0.5997787496875093
0.6692658760166212 0.0028342583247791 0.5694752756511410
0.6883292431368924 0.9792483759719846 0.6629401263901304
0.7101893513255852 0.9273545430305632 0.7456310530467720
0.7473616891435233 0.0807118722405895 0.7854552668002033
0.6710417428915378 0.1254395829470434 0.7433469438504272
0.6729972366694792 0.0241643667186811 0.7593312756166231
0.5782037143756038 0.0564385304923614 0.7664480957950379
0.5790734656427756 0.1445516238810876 0.7211350358848911
0.6090415421419757 0.9655307015877732 0.7182873694166452
0.5286693864011309 0.9181840032292221 0.7400828575737946
0.5291471116782356 0.0160427751672410 0.6871877984588395
0.5170458352637448 0.9197536893796563 0.6449825259487867
0.5943675501106465 0.9678759836140907 0.6167946622683897
0.5204403317169604 0.0254745744067240 0.5912130444911836
0.6026192755489697 0.0724749625636381 0.5759658169565436
0.6154980430282948 0.0573868945258831 0.6713937576233449
0.5337521784362411 0.1128194812202574 0.6350305833360801
0.5029798204932674 0.1690023980512709 0.5546230669971084
0.6026215651336106 0.1655961332346023 0.5560514114432584
0.5507551990628450 0.2100940984736688 0.6347869868655722
0.5259029845335066 0.3286784993773935 0.5989872703689152
0.5976981309405414 0.3117856792014240 0.6700181855294363
0.6101228180113396 0.3670235323328452 0.5811227889764059
0.6826748745673368 0.3367068439624610 0.6305654538203205
0.7373941743149142 0.2846293197373302 0.5644065505788023
0.7063401778645817 0.1951864273974759 0.5686694578170390
0.6357788923797085 0.2519288908319925 0.6017388979536806
0.6403205981958062 0.1468469809452118 0.6397629601279997
0.7348542632836037 0.1629219292214701 0.6606884157602948
0.7228990369404360 0.2584656318033964 0.6626230029983724
0.6360096780898248 0.2208189635170335 0.6937417809436235
0.6343690211526263 0.2102982038313430 0.7958912558179050
0.7221619234895247 0.2104815443735715 0.7499720855063992
0.6597261055901500 0.3883112777155067 0.7069806904652978
0.6703341813146118 0.2952325613184632 0.7454486591282634
0.5886524936798794 0.3441868193889954 0.7698954273254996
0.5057425249813767 0.2729354063280773 0.6841494723228128
0.5290543451749583 0.3715388106019450 0.6974855048482469
0.5635815368277948 0.2495139577334795 0.7520335695351432
0.5324758311404740 0.1700890154600385 0.8110014916610255
0.5400359866946687 0.1457438029984730 0.9067258095880841
0.6062194456959191 0.2121599875175799 0.8862014939604699
0.5357994534629889 0.2715478067065638 0.8428244929764779
0.5325559455712181 0.3657000769084737 0.8642319503882436
0.6159508890775376 0.3617753160827366 0.9207768302525985
0.6270076250541030 0.3002587556359821 0.8472830087435035
0.7106511700598275 0.3235159956072160 0.8996220825004502
0.6978547396345087 0.3593128991560848 0.8054423075583317
0.7062682874612505 0.2435658851878704 0.8541456426270970
0.7063947433897035 0.1471029924177021 0.8392099837927722
0.6918594766131161 0.1971079430684000 0.9388317905952761
0.6678093993972345 0.2108231870225046 0.0369074812307748
0.7037744645208028 0.3655856568708398 0.9862280280130455
0.7418066348608345 0.2720479134696867 0.9744953004533941
0.6419617649366622 0.2789797183975180 0.9627472324387740
0.6089666645979728 0.3664849349164063 0.0180026934154174
0.5508487180128143 0.2746684462096396 0.9385542456647225
0.5284614411876714 0.3653153929231840 0.9704910030603744
0.5685791876207809 0.2676548716714771 0.0346177643763357
0.5926170092674785 0.1875477677582718 0.9835424185579515
0.5264011001294238 0.1654857709020008 0.0520205191609648
0.5883932304955395 0.0914388576350955 0.9901478359066409
0.6882921809100968 0.1155381852301360 0.0005334733618956
0.6512255309122299 0.0270900418826447 0.9637930962323058
0.6433563731646568 0.1206699224371299 0.9137613980308117
0.7301311025630741 0.0753031143447560 0.9030480221749737
0.6624168475713677 0.0402393724171288 0.8488577500859835
0.6107074132083374 0.1198227668309679 0.8235602672152005
0.5710011441718157 0.0529302092365727 0.8911533782270367
0.5034277909806892 0.0742866460678255 0.8341209227507000
0.5828172532496412 0.9756958412194969 0.8092532945430284
0.5139332514993771 0.9669018572463324 0.8753302921900452
0.6135681338085326 0.9631120492235079 0.8986872700656916
0.6735803099285316 0.9388283002612241 0.8263668070936088
0.7154636095571236 0.9716864952060067 0.9125281894208548
0.6453389054721339 0.9224717552020010 0.9749569594570910
0.7366070767514161 0.0152239882712004 0.9963109102510674
0.6868536366540745 0.9485232165376269 0.0513975397703061
0.6055745022925842 0.9982973076112194 0.0476307434332572
0.5536473140338187 0.9001415070137646 0.9409933058937330
0.5474487324533515 0.0016498937591696 0.9712183945457433
0.5337497274477894 0.9309657926724551 0.0357801332675967
0.4711361393737904 0.0096550652111922 0.0370937429166858
0.4596758518889213 0.9453103637804758 0.9610443786547582
0.3811511569171421 0.9547226400377624 0.0210068207551279
0.2922060947474757 0.9003462258284818 0.0214538571079743
0.2857544669692050 0.9615805904611989 0.9508890968455110
0.3728838377717346 0.8974172304184880 0.9395784864567129
0.3691563471121558 0.9981666813245786 0.9273581205655381
0.3260502582548478 0.9415511514476009 0.8507092607675715
0.4220386742459662 0.9528023917802904 0.8581791165803978
0.4015064415184492 0.0453193760543207 0.8428001969240790
0.4651713591259213 0.0339859175967492 0.9215085155416178
0.4417412231491874 0.1227936225801505 0.8984404859486366
0.3365551878559369 0.1154961229741516 0.8111793728451808
0.2835125842974106 0.0268535364100617 0.8752578850168635
0.2535147510629009 0.1209654267466973 0.8683025314388526
0.3471965739700246 0.0930733693943777 0.9124067141529426
0.2571474872265668 0.0695386299293264 0.9569571958032796
0.3152868760808526 0.0266030100682428 0.0191368152236382
0.3207111034207480 0.1209233206703282 0.0191571334406737
0.3995998614168951 0.0597496792021224 0.9936290989322296
0.4947506291873366 0.1009016290827569 0.9813216046885496
0.4901775776490199 0.2059852900968753 0.9753682600128373
0.4015403735688740 0.1589888480516490 0.9775342176878572
0.4010902072087911 0.2585778448768377 0.9555584347535235
0.4720280509767200 0.2895990411478504 0.0213969630587381
0.4075776946888811 0.3541817694049332 0.9971608166746784
0.3128360800151745 0.3250998189998968 0.9922795904604900
0.3332625336673612 0.2266662343428283 0.0073859384197028
0.2996800209082339 0.1731657737265024 0.9371370953705880
0.3104927404915180 0.2685488600751138 0.9085301350784387
0.3753447925486434 0.1906555108996393 0.8789514159829677
0.2870639618453646 0.2002925719112671 0.8339796319387129
0.2852098073919368 0.3774787828779351 0.8626383977803960
0.3644091444962506 0.3505800378281001 0.9102772583692615
0.3142463932848009 0.2954798914019219 0.8180180370030061
0.4038827627883735 0.2812423964527819 0.8500573121840607
0.4341459648926248 0.3748971545719681 0.8369876320671465
0.4666186779772322 0.3116710285562387 0.9149953951743679
0.4720965568562437 0.2137360494063993 0.8835235850101604
0.4913649087436777 0.1784186088235065 0.7130020338146414
0.4140071995911657 0.2362219087729118 0.6905758048133668
0.4601758325006983 0.2335270692635081 0.7847537332355781
0.4884303038579237 0.3233634015701023 0.7740576703496533
0.3936721518926575 0.3101118992103697 0.7557988332197778
0.3532443367839905 0.3899791247967792 0.7930785723760174
0.3426899265843023 0.3493172827166582 0.6823502733181048
0.2705377573006112 0.3541206214858974 0.7545364053688626
0.3664581715362526 0.2097650668445261 0.7793889221242758
0.3167135314535771 0.2587210710742203 0.7127130489500531
0.2857279443509350 0.1659237250848520 0.7345076330425877
0.2620074114810672 0.2294511393728718 0.6356162851056870
0.3424404600296403 0.1786082082888516 0.6431577720051316
0.2883874668978391 0.3121097868422700 0.5689582650995748
0.2515231084663391 0.3182030862655989 0.6636230775706420
0.3591009960998360 0.2711804243323419 0.6200142050728374
0.3974344508047728 0.3546601035117121 0.5834390141174681
0.4381994615961621 0.3327821729895406 0.6655556095316040
0.4603558253999677 0.2584638323031458 0.5933960466481445
0.4452107585523032 0.1623208051196665 0.6317476699670548
0.4442128346749040 0.0842957730477987 0.5610364109775661
0.4441958842809471 0.0673989644840176 0.6565934965085558
0.4370879056198212 0.9813934052896147 0.6023040895397302
0.3841326989931247 0.9102216138731782 0.6688672810765188
0.4493726298224309 0.9678555593555880 0.7004454180053876
0.3798488661495648 0.9542698665231268 0.7668435927700872
0.4836421156460643 0.9943534099558284 0.7867581000767203
0.4931439670581917 0.0900879497989822 0.7378276292490600
0.3911129583363840 0.1382584983086912 0.7156059622385629
0.4338431668682884 0.1392053057559579 0.8044315291544113
0.4066029556042675 0.0485735065326458 0.7480314899812270
0.3186438128404762 0.0228054818225494 0.7894582906378218
0.3170456703335941 0.0757690918788680 0.7074696764838417
0.2754499508545160 0.8973362841789003 0.7833985278880908
0.2986458295777906 0.9640782342898173 0.7099581431382871
0.3622081243907057 0.0100957293451704 0.6589167898067434
0.3324527563091034 0.9423969186103627 0.5946698696745381
0.2771849294527989 0.0309094670364609 0.6047285075786626
0.2578465612635817 0.1263471392670530 0.6543021714424280
0.3571315730892693 0.0955261571440853 0.6120631101686478
0.2714517326333522 0.1161182424940896 0.5580434787011372
0.1841428656877142 0.0778349779116905 0.6102291699547988
0.1713478033374773 0.9867258402751962 0.5812808884877299
0.1387233571372843 0.0046966345737209 0.6671873925081895
0.1303187288173175 0.9079853442267869 0.6510470005823878
0.2366771967588199 0.9441199434006629 0.6271624435482133
0.1973738613064580 0.9287781658429537 0.7145864019039736
0.1485941521226346 0.0169904090213715 0.7616169083055071
0.1529363503868799 0.9062168734423535 0.8015277562719578
0.2306465220460860 0.9836723929630475 0.7882606294470855
0.2400855710538952 0.0834483126494168 0.7748625284369879
0.2303371782570665 0.0275215426616242 0.6906678326928721
0.1741329921314900 0.1084044313233856 0.7066303533601921
0.1183914818961117 0.1004757476735447 0.7906808574945099
0.0800648849494602 0.0690878440334528 0.7016880505690881
0.0191597694703668 0.1181597246184907 0.7587130598191207
0.0453655011855182 0.0247508815720425 0.7932543966701078
0.0853492361990508 0.9488306065692222 0.7368717876781321
0.0490989476211242 0.9682349596351953 0.6448251944018442
0.0860171830915345 0.9406483719006580 0.5568302173780715
0.0038110685147187 0.0038907419969847 0.5716456836238442
0.0855493594266389 0.0502029601051308 0.5922121390839792
0.0052483389895598 0.0842821685307702 0.6373515183982768
0.1096002534288033 0.1363843778778193 0.6360940123636636
0.0417279066732213 0.1407410065084251 0.5623267314709490
0.0286486144089476 0.1669399623247312 0.6779384053625310
0.0942013826724507 0.2315711364907747 0.6478160107152944
0.0169618940470974 0.2371759123927040 0.5884924122744273
0.0603356176622566 0.3262742257765769 0.6356185635746312
0.0947762283366150 0.3930739536138328 0.5742759792484995
0.1118892821598906 0.2981751661662533 0.5572228058104398
0.1420692366136438 0.3692307673151831 0.6649916709266306
0.1703116676039149 0.2780588390140051 0.6298481842297960
0.1988949084407823 0.3627919960796642 0.5852455904555069
0.1921667269780134 0.1763003096651810 0.6017850084668515
0.1890020529390612 0.2065192448902640 0.6964894759104376
0.1980286011189432 0.1669581093196890 0.7883275366032769
0.2403870239119759 0.2519639985370627 0.7650847656237223
0.1750988397084541 0.3048351234659634 0.7280034585956738
0.0855123743137108 0.2887559752944011 0.7250730281946731
0.0164910672942126 0.3295974004261091 0.7817261730522798
0.0237581702882464 0.2298618671136878 0.7677352888146316
0.1064959690645949 0.1834260986334948 0.7353752799579516
0.0775768155579498 0.1463621628423293 0.9270037872643966
0.0713238372371242 0.1754473351064449 0.8289607677134045
0.0189090845873777 0.2127001230568770 0.9004954795893496
0.0431226319072612 0.3811718377735731 0.8713006269937005
0.1167714867035125 0.3468381733624448 0.8046194648425418
0.0640524809003967 0.2810197229734550 0.8524912671192910
0.1347154407112872 0.3354022572071897 0.8982732702693859
0.2339501100121313 0.3296839845065078 0.9276617085096783
0.2101472942172424 0.3162411640186658 0.8306400807360317
0.1406189623403720 0.2454132257505566 0.8060541201327409
0.1286866035291461 0.2357490547701018 0.9123943018292919
0.1581833295607260 0.1510349455307556 0.8695890574166392
0.2150005625177733 0.2370751227067169 0.8798045417360310
0.2348429362410760 0.2486518966166966 0.9779489267468902
0.2080980875060048 0.1625016265568313 0.9527361398709366
0.1692063041272083 0.2425358637755135 0.0514116048601807
0.1308445459392817 0.1742632221140625 0.0009759293500353
0.2490772112523978 0.1729760690835827 0.0470235394929530
0.2252841307373965 0.3499721733541170 0.0320102010653260
0.1529318711133920 0.3002686319195553 0.9812049717698959
0.1375059019345446 0.3929718558236133 0.0067819443793804
0.0624019888903292 0.3537430446831733 0.9679987936440344
0.0151354428334721 0.3102084094635762 0.0389722439191720
0.0667536207287523 0.2513096979076641 0.9823325150385120
0.0203704577528522 0.1564560015621586 0.0001207300828592
0.0527694865904736 0.0650069780699261 0.9748871693085281
0.2034190952738755 0.0925766022097014 0.0308238500115994
0.1350961401186273 0.0264653221601727 0.0233350713068867
0.1530241484889558 0.0823473483999297 0.9463991524810644
0.1898317260896536 0.0523417590307080 0.8548645888896307
0.0080271438119980 0.1029346777847802 0.8648450741186620
0.0894179593186027 0.0622872584054741 0.8751824717461039
0.0039258356349360 0.0066382115300401 0.8853829904874868
0.0364899734884091 0.9058456183345587 0.9177727162026559
0.0490555275834351 0.9328480878528540 0.8261855035936028
0.1269166277919183 0.9812670816315132 0.8504743922875913
0.2254916710271242 0.9389938962614284 0.8694195706540866
0.1385019494505173 0.9023869162979048 0.9047941474560008
0.1908011211354768 0.9944057833551583 0.9389992656891424
0.2244317722571585 0.9861437744274408 0.0321135864556219
0.1412553996316073 0.9260096061689287 0.0011391832345773
0.0870511368427190 0.9833830493721771 0.9421997588049560
0.0503864113581604 0.9085146491974763 0.0216926744898041
0.0863841896782406 0.8389991986772547 0.9681749381428932
0.0068090633602663 0.7790160413704263 0.9883032377257182
0.0305782590162004 0.6930072698253975 0.0089258201717082
0.1197605391204236 0.6757434415138659 0.9730607129148237
0.0990812392667205 0.7643639413555150 0.0263524917816180
0.1852300344220756 0.7407464230814444 0.9726836046709522
0.2215819195909039 0.6633548748864924 0.9300170175088855
0.1734704175170438 0.8266098716266697 0.0198175567212531
0.2190963247835498 0.8880591025900209 0.9603432642885024
0.1689591563662804 0.8113643842387119 0.9137026138017721
0.1415534358357415 0.7861990368472658 0.8112910835622895
0.2154513456026275 0.8434041303197601 0.8410666018030180
0.1683129865088457 0.7117734328014740 0.8692990747000315
0.0828284500624589 0.7001754466516028 0.8274944012217553
0.0903028042037070 0.7561773294371326 0.9166310145595988
0.0185630360212458 0.6982186256476715 0.9120727608309844
0.0265912654675454 0.7718088973553281 0.8304441397259670
0.0845918132889584 0.8442127828322363 0.8528988354938718
0.0311827054753621 0.8415853739361137 0.7650047612503357
0.1186575460966787 0.8524833067171020 0.7362453747726849
0.0363832498680902 0.8754965702858060 0.6746501077488507
0.0613834016297247 0.8530295669347174 0.5880751086362046
0.1184834935958473 0.8051094297338779 0.6532209841752146
0.0214733696364274 0.7770075020456175 0.6670370245602448
0.0631369272681096 0.7522060882102151 0.5826429612664767
0.1100213097378154 0.7075399313670852 0.6530629134058750
0.0233966318025255 0.6625723518284674 0.6362606949496523
0.0324238323036447 0.6826733544521295 0.7281619488169240
0.0869119223053528 0.7578404913069849 0.7400982340638731
0.1461678506189386 0.6782212610469369 0.7644809579729583
0.1855484093155297 0.7527903333273731 0.7063085580379795
0.2260110144353302 0.7450125771402780 0.7928961114110618
0.2406935329202762 0.6553583448175420 0.7581739166246357
0.1850534948749425 0.6531155555005832 0.6756801042644931
0.2008272895709566 0.7382559688596813 0.6071174455133421
0.1448693517501489 0.7938474708935865 0.5562921734136721
0.1655748627041147 0.8851419395138984 0.5673210925178662
0.2056442621191044 0.8365684235815374 0.6437951345640329
0.2127967110707190 0.8367957424894670 0.7427340855971705
0.3552300505805640 0.8633352296918291 0.7497289087924306
0.2908278799846927 0.7893893641614340 0.7174377749663179
0.2887845495904117 0.8769360765977285 0.6740767312545290
0.2603529971028059 0.8732913523161152 0.5649944666218467
0.3590511999293494 0.8485391900285368 0.5967311839614802
0.2862017604668387 0.7899405001856425 0.6211902201896045
0.3030039464880024 0.7109564716198216 0.5787786119872023
0.3632312190643082 0.7144279750650353 0.6721060768239744
0.2670273639385042 0.7032992915107250 0.6748970997779395
0.3218897189316615 0.7177392447455533 0.7675951908119789
0.4183964371719932 0.6926146560193029 0.7705649082812165
0.4707799165972620 0.7511114604092037 0.7015726148898029
0.5009557428762257 0.6457542798116325 0.7648510783947262
0.4398918261784298 0.6632772435516883 0.6819324774185993
0.4036632785544551 0.6560091510036490 0.5858390949411285
0.4024364382593867 0.7547397517919683 0.5930166445124849
0.4887393230295528 0.7099652149960451 0.6056558392810543
0.4831907486039201 0.8039478084963629 0.6181891169889477
0.3836702059190790 0.8020976100225645 0.6757475267361193
0.4468363559341871 0.8840470061747656 0.5900063869554624
0.4576210218452029 0.8562449091165665 0.6980504653320143
0.4979882344816818 0.8078985359935749 0.7827445415942920
0.4022356670055073 0.7833956817252210 0.7702948516781942
0.4477496530203618 0.8884367795127555 0.7898437835942562
0.4377503539714748 0.7808482166842212 0.8600035902327339
0.3776383246804175 0.8559769678452549 0.8474572072215676
0.4632168499478323 0.8705226821611751 0.8984749645501189
0.4501867038206994 0.8791970903910393 0.0264103479826645
0.4356980791709429 0.8027440562977051 0.9605117426815093
0.3589134604018119 0.8374525993468949 0.0102589493304415
0.2677445227754424 0.8013059235158215 0.9736400613477481
0.2898857268637806 0.8646604929028465 0.9012173282052831
0.3516924641722180 0.7896006821280996 0.9196468623504954
0.3057874198353528 0.8028922791926554 0.8170392033684226
0.2539882762643982 0.7610514976351201 0.8883796046479977
0.3607641876185245 0.7225887746964943 0.8545401429052883
0.2713526192908357 0.6706422108892316 0.8467418946554812
0.3119726406465725 0.6971738985219680 0.9362435311174278
0.2679578593065389 0.7108162569608492 0.0178239264950542
0.3611458049946416 0.7471284484872218 0.0174667770625734
0.3544678165568257 0.6477929164431477 0.0202675073236362
0.4092388722794812 0.6946343276609779 0.9498213517680847
0.4652049448907133 0.7339960372053607 0.0228510316390633
0.4911699117195748 0.7284303615055856 0.9214685962493661
0.4356017395939852 0.6626470453877003 0.8614438820623873
0.4717336668750670 0.5797186008552637 0.8456636444747898
0.4079109710200411 0.5349633180223587 0.8915769621232521
0.4573284035665716 0.6046651906156615 0.9450981374010989
0.4442923092306051 0.6308753373468428 0.0410296242403441
0.4717025771046605 0.5332718564229613 0.0524867911716262
0.3871281264753957 0.5571148392376377 0.0005630738937883
0.2798165013513264 0.6001983683572372 0.9825087853633729
0.3495727780546106 0.6233856253741157 0.8246903427796723
0.3565305458553690 0.6146282378536492 0.9169248400180370
0.3346435741931847 0.5305077963527072 0.8340859108888397
0.2596046336827794 0.5796038402965606 0.8859543410612740
0.2635043607308697 0.4756634153857275 0.8782803854149475
0.3649754589508351 0.4423796393237298 0.8813127875912177
0.2960085926551109 0.4167386511165680 0.9584631968502462
0.3061364508899119 0.5040088414682415 0.0337213223439250
0.3248072424986329 0.5190375768947439 0.9388721372602873
0.3214441396109015 0.4030631772005591 0.0496594625750071
0.3843470005698654 0.4512456774508813 0.9792569346963791
0.4703407121080551 0.5057059608716568 0.9595109920733191
0.4746154571165285 0.4298138189235117 0.0209193480406202
0.4540850037251339 0.4099200048939231 0.9253451305651781
0.4782172470872265 0.4735981194782197 0.8638447676312009
0.4032843096325073 0.4753098218095118 0.7988848125037096
0.4905984944757865 0.5195177632866725 0.7740893931900577
0.4140756207233373 0.4993907056913252 0.7089539034887362
0.4296422985365561 0.4040416683618950 0.7290229825831946
0.4828165866813471 0.4091744653315423 0.6167097877550451
0.3885278271426041 0.4331099346775409 0.6376509021872161
0.4416518818032972 0.5067011494790026 0.6150698763857940
0.3826145626326117 0.5613198024456649 0.5652151997576971
0.3949616184763337 0.5831547350235462 0.6633664464754985
0.4867133091144528 0.6006820943509170 0.6037275419155452
0.4915120623864494 0.5753331322547430 0.6949192395565345
0.4164651833939604 0.5859197163206644 0.7699741381673293
0.3393807034502102 0.6338794055237058 0.7285403932675918
0.3318948987959957 0.5354110772850558 0.7399354472610671
0.2571386692113945 0.5694209682686073 0.7914402728804169
0.2630276368844976 0.5891468611838977 0.6856703446884389
0.3204028417807440 0.6307089521254914 0.6261161750838540
0.2713995728256237 0.5634624878419359 0.5781872577691372
0.3269684995983234 0.5143629069058546 0.6404284016924910
0.3039631815162852 0.3980309598085470 0.6063037788448644
0.3255935878914155 0.4392363335399749 0.7097106855062105
0.2795779647573510 0.4529119329063627 0.7898708531387160
0.1888162531763034 0.4008504713320009 0.7562676690342915
0.1938027516403160 0.4989144230543741 0.7952785930233628
0.2429572849448092 0.4985429308850076 0.7070851403282898
0.1484852536206229 0.4730847622066370 0.7061352285724076
0.2340219358641309 0.4105428964517333 0.6733437603398673
0.1570898993428251 0.4554157857006749 0.6111663373281748
0.2455176870363756 0.4763460592234314 0.6031245429900431
0.1600223183159231 0.5434537035319169 0.5587294163147931
0.1856945599912454 0.5527794147362022 0.6475611861918582
0.2188438296085797 0.6398988839670967 0.5898780420853036
0.1656335035500633 0.5743494338894231 0.7449639150289691
0.0973614314315302 0.6142579743178620 0.6953454602851077
0.0638648943116337 0.6140585999211490 0.7849970902857504
0.0110785491991686 0.5735553343349562 0.6912693107428003
0.0293504488957904 0.5833529229735588 0.5847596399809676
0.1187731654067136 0.6216517624292199 0.5996349379255219
0.0901861254574937 0.5307661659001319 0.6452767539402100
0.0647235502211400 0.4973604966051985 0.5573862996827763
0.0593431489158361 0.4406820830049392 0.6515775257378646
0.0820437804646302 0.3971965609955259 0.7319263900371256
0.0754582054007519 0.5139852637721853 0.7439700633955717
0.0121029081604783 0.4300376405419766 0.7922043662405811
0.1130509699063448 0.4339678250084218 0.9097824559274919
0.1094865114716296 0.4487677599075361 0.8109982214199067
0.0401115579493775 0.4922641889565338 0.8631673923247478
0.0119644665380726 0.6005853834400534 0.8666142800139565
0.0867922878925836 0.5384118943943477 0.9293911544269939
0.1010363356516294 0.6342016723638297 0.8904443879782133
0.1106394298957950 0.5514750018400865 0.8295960619383596
0.1806724279068672 0.6172260104082985 0.8377049943708432
0.1922601612398256 0.4094779692003025 0.8493681933855088
0.1744825659203524 0.5121049593066749 0.8861021458418594
0.2296637799573606 0.5157118218825802 0.9671327973890060
0.2029249206128447 0.4171486498818877 0.9429686592784445
0.1364923280794350 0.4894561817672050 0.9919662656917911
0.2246111941756546 0.4460841765896282 0.0339849812850137
0.2027309058404745 0.6407365812318948 0.0283379640807795
0.1701964076862830 0.5885434270394028 0.9455361301902709
0.1224313101402571 0.5822615210925652 0.0289056101876912
0.0435858393423606 0.6087339756127028 0.9719502513407374
0.0456984324208211 0.5184423429597311 0.0314004743210827
0.0356599885125392 0.4489614050445825 0.9638600565938746
0.0598964886048671 0.4210727911634267 0.0541895896489717
