# N=125 CoM=[0.49999849 0.50000385 0.49999855]
0.2570730509686859 0.8067849575530111 0.0376679753996867
0.3187371768054766 0.7181576144980255 0.3089869704752184
0.3591560926909908 0.9161648239849458 0.2121199232950179
0.4400815147128400 0.7097198741186403 0.1271488876504756
0.5352380615809578 0.8152855914474557 0.2931069901225529
0.6475999546802016 0.7998243398051277 0.1042740121465751
0.5643517908100795 0.7007451276921155 0.9343119035511049
0.4566237339078033 0.8865738038313005 0.0100988998379279
0.6948412504724151 0.9355297052858145 0.9564387843655930
0.5179045957000143 0.0781126322552754 0.9544326483880312
0.6642095819632825 0.1714869606850866 0.2614887144376352
0.5840073201519029 0.9983466212833991 0.1447812487721529
0.5339256478638119 0.0144841372226803 0.3574600181508445
0.4382295527229364 0.1328066739757798 0.1836235552666254
0.2999484053013691 0.0381566450936961 0.0446231438725686
0.2847958932387776 0.9507035392376393 0.8614852031677136
0.3426290056863285 0.1931680537591782 0.8992335047917381
0.4467560400079237 0.2929224793722509 0.0467798473897172
0.2712111219885337 0.4044132350363212 0.9902081181075657
0.3926253877279834 0.5770783926899661 0.9599316019360422
0.2477790279729354 0.6121291144401915 0.1345365339245175
0.4195373603385159 0.4860835476049086 0.1572518055435761
0.2393745401538506 0.2275975030971993 0.1185928385819248
0.2092501678748991 0.4206288191417629 0.2184326434510182
0.3791129945804036 0.3110809377497892 0.2750701928948756
0.5811822045882837 0.3680669384966391 0.2248154335086703
0.5287197980111027 0.6029072912710629 0.3162711399203435
0.6218010543430279 0.5835446028536393 0.1269350272695668
0.5627719694985824 0.4449544019750296 0.9688211318674183
0.6400294486554081 0.2217029680056908 0.0573225349806303
0.9430910029424391 0.2639559640163442 0.8669629547184237
0.8643536687356366 0.2593366420395764 0.0752597941517748
0.7411256840279234 0.4233011326415939 0.0919369247873711
0.7434700636064515 0.3444966156659308 0.8941699976634918
0.7127655646296529 0.5602984633834689 0.8703646045446625
0.9180632185210342 0.4789591744946409 0.9852679077462845
0.7979783253370627 0.6737347596430916 0.0161767444443692
0.8576179656757783 0.5610797533116436 0.1901659835310663
0.7162211572174546 0.5229681484270923 0.3551290385438421
0.7891955675457742 0.3443862740301304 0.2862790846256968
0.9883236939686015 0.3528733847983199 0.2251984249764423
0.1469406300660426 0.2345021971417580 0.3166571585734939
0.1285317929001143 0.6190875000203171 0.3420538287909474
0.0531718996370217 0.5377790074163984 0.1516156736519441
0.1489863333443487 0.5808603034582371 0.9526973511460064
0.0752525795724864 0.3439752465581811 0.0254349544484553
0.1302372986045240 0.1349306850965368 0.9470852363747160
0.0820018142844615 0.9407199424088923 0.0430263432548972
0.1045454548720669 0.7822044780734996 0.8857347949142615
0.0063519523869403 0.7147762112194931 0.0599036865297420
0.8968898088065984 0.8643046267361627 0.8958205889765940
0.8614436569092137 0.8577993918640923 0.1038320088290745
0.7416466603016212 0.1309912776031859 0.8844199780555015
0.9266235571328991 0.0680957773848194 0.9594178178029431
0.7912066732597953 0.0634179945419009 0.1126567038165178
0.8667212366492172 0.1393962248420293 0.3044423191521850
0.7444264627065746 0.9299574966217605 0.2826578361061556
0.7458731270216750 0.7178073390588153 0.2710791329336319
0.9539924772272284 0.7370050120532965 0.2861841800100777
0.1421281843227568 0.7974330328482089 0.2035700292874443
0.1838541047611270 0.0254974501001257 0.2266131110249234
0.9703030320979376 0.9589231301011432 0.2356345020225485
0.0278037410655149 0.1487117064855112 0.1459610419785511
0.0372046096705038 0.0811985373322559 0.4069847887662383
0.0120967523059737 0.9591235416327071 0.5917605416928462
0.1268324337599896 0.8855109458516188 0.3830450345480296
0.0314946024901425 0.7349726077984839 0.5070092107527875
0.8911823155281082 0.8941253528484676 0.4303869797026161
0.7232536895572133 0.0396453444144802 0.4536763734422580
0.8796272736957391 0.1228635980666477 0.5490689442957215
0.8528810095163117 0.0231565216126812 0.7417175516178391
0.7307908115733999 0.7778153399112675 0.8159113797333337
0.7760853086749187 0.8811739075359131 0.6076660614968785
0.9417371137652721 0.7857450805286170 0.6914295064472584
0.1714153200998086 0.8468216432680058 0.6869133345814589
0.0632320961960521 0.9768067328989369 0.8135161332514917
0.0250817707530563 0.1557811603969197 0.7126437956952876
0.1730110577305172 0.2934530754637865 0.8213652216928884
0.1739950887305560 0.3995192339773961 0.6344445247310972
0.9746936497349328 0.3331267565438074 0.6266825398152192
0.0561435644929625 0.4581819929137485 0.8154820965917848
0.1239334243097120 0.6456140774459960 0.7154672495129348
0.9898110759364731 0.5472436949642594 0.5904858623081088
0.1238056948312131 0.4171696827772935 0.4226740900999204
0.1469685010878677 0.2084556283135339 0.5405731098488433
0.9455737346906234 0.2943934259283962 0.4323499595134475
0.7182080962044006 0.2685463634766401 0.4737117638676844
0.8338844414365765 0.6777530202627897 0.4756463362404584
0.9427321334472722 0.5163435883823342 0.3815195168914511
0.7949051078652452 0.4419872246924930 0.5368804785798587
0.7820511434193103 0.6379649986788847 0.6672580907971180
0.8604381317474723 0.4570153701848840 0.7517188955337584
0.9355681362576416 0.6437962835503122 0.8448991772829613
0.7850244742671597 0.2472738512538686 0.6954531713471372
0.5720637009243044 0.2393983914994675 0.8182589463753669
0.5319975064077229 0.2991862743282716 0.6079818534811177
0.6470752969127340 0.4280053310812517 0.7005843781800267
0.5198477831447188 0.5803696483974394 0.7659363150651652
0.6155794430742296 0.5754288958999383 0.5442453617256293
0.5214543790464261 0.2109171099438392 0.4075774515790778
0.5422471713394588 0.4172976484785156 0.4289017562134616
0.3210825667444520 0.3188630599730977 0.4732077630897091
0.3432722171597392 0.5147313060778733 0.3727405353012683
0.4145039090170709 0.4837335472932811 0.5942197806918272
0.2223827027510547 0.5688288968057584 0.5357814771675142
0.2783757009877789 0.5114866492663255 0.7811573192212735
0.4330827966713245 0.3866073145467508 0.8197646094898607
0.3380412820910200 0.2690414428679793 0.6802473641914875
0.2285924884122695 0.0920867572339967 0.7214620468468838
0.3110040584303050 0.1127894786675008 0.3622387792585597
0.2105691518360003 0.0114303198653927 0.5304560393207300
0.4080138165054036 0.1089023679719607 0.5523048336090837
0.5514860432647599 0.9337905442474637 0.5543970111280283
0.6376268438984893 0.1230441044976314 0.6225104394526488
0.4521389222232780 0.0727552392698445 0.7540124044606176
0.6464609552801059 0.9758064610346247 0.7582611857992687
0.4891354188058584 0.8538454912142046 0.8143907570516633
0.5877123933468571 0.7514249084603715 0.6616225491393986
0.6620916909343340 0.7862621318759313 0.4537678267428331
0.4543343018741700 0.7038289105686455 0.4853856945082555
0.3666082018705220 0.9071633255162403 0.4218032326687380
0.2392644552797253 0.7643642638064008 0.5062160082751206
0.3706273579985749 0.8987192739020284 0.6480410768214504
0.3643599718289202 0.6839346787268386 0.6693619119096710
0.3144736578435902 0.7311317828591388 0.8549799664345683
