# N=64 CoM=[0.500003   0.49999589 0.50000717]
0.7886941050482092 0.5276303614115925 0.4353743415400899
0.5719371156595492 0.6246486053608651 0.3276550006486756
0.5838169027240814 0.6921508127117533 0.5899417184551221
0.9155652309199032 0.6716313677021937 0.6056063999925536
0.8213603598312051 0.6992272360752345 0.2133541557602154
0.9936374988027374 0.8749599940692940 0.3065972170905698
0.9227475163604701 0.9725810819185408 0.5700961666588795
0.7525412072569249 0.8283989528499833 0.4437135318549927
0.6537244084093512 0.0001146023360152 0.6349331937536731
0.7555170412234138 0.9880706986629875 0.2000481029168431
0.6298361997643442 0.1077295017507182 0.4027011330739945
0.7521178029056470 0.3134360393770592 0.2650454360146888
0.5678345391954109 0.3745501944531546 0.4657872078216867
0.8026407379640998 0.2499540895925315 0.5565236926098973
0.0042115650019858 0.3773985580446557 0.4351029371686450
0.9252659950155859 0.1228305746830057 0.3548098327470697
0.1941956574852309 0.0403516999185627 0.4192139125075869
0.1234309408252470 0.2502994998750117 0.2363294393697626
0.2253388263705399 0.4998564782750345 0.2050497178010573
0.2821857776260290 0.3374397173358750 0.4414429009112877
0.0942750207865302 0.1857018970197636 0.6069761362338566
0.4184119256052288 0.1626038842480838 0.5768990958461035
0.4401579168192824 0.4592028848822716 0.6658934844513429
0.4570115942704824 0.3921075726430467 0.2298661958615986
0.3937735941543439 0.1261357071326815 0.2915507820222840
0.5312123558731181 0.8767181561234967 0.2863070563442267
0.0537017613512252 0.6243179883796195 0.3657395625407631
0.2696253830992439 0.8072823348004623 0.2754154762913121
0.1460835322085391 0.8010103005777909 0.5382779002846885
0.1595041033371155 0.5120007166461615 0.6048007840273937
0.3459124275970813 0.6093624811128246 0.4359264445181736
0.4238270571441132 0.8901643374052957 0.5132506095146803
0.4936374988027374 0.8749599940692945 0.8065972170905711
0.3213603598312071 0.6992272360752341 0.7133541557602114
0.0719371156595525 0.6246486053608651 0.8276550006486774
0.2555170412234142 0.9880706986629875 0.7000481029168453
0.2525412072569249 0.8283989528499824 0.9437135318549934
0.1537244084093562 0.0001146023360139 0.1349331937536744
0.0838169027240869 0.6921508127117542 0.0899417184551259
0.2886941050482106 0.5276303614115911 0.9353743415400915
0.4155652309199036 0.6716313677021941 0.1056063999925534
0.4227475163604724 0.9725810819185390 0.0700961666588757
0.3026407379641023 0.2499540895925311 0.0565236926099006
0.5042115650019863 0.3773985580446548 0.9351029371686492
0.4252659950155873 0.1228305746830057 0.8548098327470728
0.1298361997643488 0.1077295017507168 0.9027011330739974
0.2521178029056470 0.3134360393770570 0.7650454360146905
0.0678345391954143 0.3745501944531537 0.9657872078216918
0.9184119256052270 0.1626038842480838 0.0768990958461020
0.9401579168192811 0.4592028848822733 0.1658934844513442
0.9570115942704791 0.3921075726430485 0.7298661958615977
0.8937735941543412 0.1261357071326833 0.7915507820222893
0.6941956574852290 0.0403516999185622 0.9192139125075907
0.6234309408252430 0.2502994998750112 0.7363294393697626
0.7253388263705371 0.4998564782750350 0.7050497178010595
0.7821857776260264 0.3374397173358759 0.9414429009112901
0.5942750207865259 0.1857018970197627 0.1069761362338590
0.6460835322085323 0.8010103005777900 0.0382779002846931
0.7696253830992412 0.8072823348004619 0.7754154762913148
0.0312123558731190 0.8767181561234962 0.7863070563442343
0.9238270571441096 0.8901643374052957 0.0132506095146872
0.8459124275970793 0.6093624811128255 0.9359264445181765
0.5537017613512210 0.6243179883796199 0.8657395625407640
0.6595041033371105 0.5120007166461624 0.1048007840273921
