# N=512 CoM=[0.49999309 0.49999089 0.50000278]
0.3589879668534661 0.4352164836098424 0.6590990615397831
0.4610413675427958 0.5378154662231625 0.6932170937129427
0.4889577382417547 0.4215481312776344 0.6340714673664773
0.4246622893416341 0.4251419637920157 0.7715722303114265
0.4429928300801405 0.5526878726711715 0.8367747867275901
0.3359476655416671 0.5667560502672697 0.7219846304624638
0.3219331216776964 0.4966982704370251 0.8269227014456859
0.2969295453277661 0.3768573825885810 0.7731766792790122
0.2982530038405526 0.3888871817371358 0.9148771889338507
0.3926702981383505 0.4234398252322811 0.0373613758734304
0.3794490939501181 0.5500637918161733 0.0845358340152516
0.3060048612423099 0.5096193444245403 0.9681758617420273
0.4729065077689958 0.5325187267014906 0.9961239851962731
0.5226744351006976 0.3836514520131091 0.0123384844413688
0.4215931097588370 0.4418028236515785 0.9099061702983808
0.5214094532817066 0.3665184810082436 0.8666795008831631
0.6344680165200138 0.3649741019145303 0.9546513258182741
0.5957866798324578 0.4825155475305736 0.0494409636157216
0.5574949775491072 0.4888964864890850 0.9115781455497201
0.6322600015420110 0.5816878002992976 0.8589373556023803
0.6958023143189216 0.4876228290585729 0.9585799263281134
0.7618315317827458 0.5189967850471229 0.8505300041108119
0.7277855602272285 0.4643424535922169 0.0859431439413425
0.7477389949801898 0.3520093297849578 0.0135191734520623
0.7514241993157942 0.3611621044700222 0.8774765849037702
0.6559810080361062 0.4332564195988970 0.8294608998875377
0.6247740779386408 0.4114815813468498 0.6927021581245334
0.5460898387318331 0.4805249613706577 0.7768706607366382
0.5926661408114273 0.5362774264706589 0.6418752982634237
0.7230199360146017 0.4803547232427419 0.6118218400466737
0.6769610047322674 0.5383728385460165 0.7413477522414642
0.6831896984942114 0.6816136100407779 0.7901516236712867
0.6575358600968442 0.6633661351659068 0.6656349326570823
0.5313267172668898 0.7201789911484031 0.6763678586323192
0.5562609768123745 0.6171956467531325 0.7521974956282433
0.5787537913389964 0.7469575954596217 0.8135751762966497
0.6355193859243120 0.7984810755807108 0.6841949735419413
0.7726663044113042 0.7358642684154422 0.7024397989668489
0.7106191525010921 0.8287261052572346 0.7840114738869446
0.7219102978191891 0.7556552074486569 0.8929630770894808
0.7751164668332251 0.8265299343456047 0.9850623148476643
0.7125636996608065 0.7007683299746565 0.0492880036104437
0.7208683330984735 0.6249157588164524 0.9404138494478620
0.6055818956899941 0.7209703770378710 0.9393600743352699
0.6006259427994061 0.6016034605028056 0.9972279559945034
0.5778749668342926 0.6950605945769199 0.0936127439483758
0.6523546782932739 0.8110769744025723 0.0279989786083839
0.5147719120670846 0.8396582165110407 0.8958699527277811
0.4343611395040170 0.7331673174725162 0.8989053291915379
0.5151570424676239 0.7905257014060454 0.0093284456656335
0.4748468086128197 0.6645138647966720 0.0196784850249763
0.5172335560110506 0.6394439255336497 0.8868801263567303
0.3773286051392533 0.6117865579054134 0.9424325873539241
0.3537363802390794 0.7064019007640785 0.0376200896085050
0.3923660921048515 0.8416598132910065 0.9879455956084413
0.3083876318822911 0.7669905619190382 0.9268004181658054
0.3434640265434457 0.7724066623998662 0.7992014794735869
0.3222630440401621 0.6416492971455430 0.8318732775405524
0.4361783211232084 0.6705969818508826 0.7653865400345368
0.4696589228517474 0.8007186410872280 0.7704862538781547
0.4217091117562022 0.7671528612501985 0.6178798885554284
0.4389121202266733 0.6394210036365751 0.6235130141752643
0.3225420747958014 0.7007698570249450 0.6922337388795043
0.2916767130893243 0.9471506788079385 0.6421408361936589
0.3694754363635215 0.8550161276412691 0.6948374018558032
0.4251711104670262 0.9632048914440068 0.6071183301800558
0.5110076084923767 0.8623474281993428 0.6591627165157494
0.4442993313994319 0.9506071952863624 0.7509061309654863
0.3063404500191511 0.9639083187982327 0.7709868892438918
0.3920691759432093 0.0423653423880257 0.8442459414086654
0.4871150917565819 0.0924317741246286 0.7656764065202049
0.4946817743606635 0.0995074752396647 0.6220209560645686
0.3768118675413734 0.0535575360210641 0.6910688669556466
0.2850467964315246 0.0946453323690022 0.6026942189845250
0.3777566282173495 0.1775117254737644 0.6390657574067002
0.3863675734671306 0.2961186088389560 0.7097934502526424
0.4967640878489794 0.2188956416838075 0.6765885873308768
0.5063220638504222 0.2292084772093050 0.8067839275992823
0.5198585347677618 0.3402210629105487 0.7330733061739385
0.2813321290819986 0.2471206132322581 0.7959730421803057
0.3853072644247790 0.1717076950405925 0.7759959106560601
0.3108473750410210 0.1292308014818957 0.8998868443918602
0.2977332113600193 0.2598963727436825 0.9312985721937024
0.3986193333476238 0.3111180119200991 0.8463120884796258
0.4250418385227970 0.1914324685470417 0.9034987028266144
0.4993778347370110 0.1723038587211823 0.0196157289204122
0.5198415629932969 0.2816166843876813 0.0910849799102056
0.4253046645967109 0.3077926126746626 0.9807164508557402
0.2978481730960199 0.3395024305263574 0.0463228041032608
0.3697325331796131 0.2052171430920284 0.0358251374440695
0.3939390908882836 0.0766097848011071 0.9923762157966529
0.3390760270500830 0.9641226264578369 0.0642763985282377
0.3192990374527731 0.9649424840945797 0.9295964975290396
0.3930494206342305 0.8840382961662137 0.8548379618152480
0.5084069974114174 0.0929341464876725 0.9050593547073411
0.5192588510830367 0.9654370099240244 0.8581232225532764
0.4511627742249864 0.9615300794661632 0.9629425724375740
0.4619735990158194 0.9109455684359569 0.0864712124371010
0.5173027107521873 0.0459176312759579 0.0449407635687797
0.6443036494070649 0.0401808917643072 0.0737588900365422
0.5743924215659986 0.9215250328018390 0.0102507418004480
0.6416328364538888 0.8647416505366410 0.9015697201716659
0.6174763008403961 0.0187500885385090 0.9333654498876720
0.7184893216751753 0.0917985304422315 0.8705543371728968
0.7159710322406978 0.9503370906372202 0.9831039286639867
0.7484674019692603 0.0949881745102721 0.0055115262345569
0.7715960867952378 0.2182966071669357 0.0213715512001118
0.6418312189270328 0.2544162636847203 0.0450219744368350
0.6283495308078249 0.1425905183902896 0.9812909713446725
0.6085318759554665 0.1617884750560863 0.8459836964834475
0.5523580309886840 0.2564548572420113 0.9368781705547196
0.7036141377146055 0.2399420968449628 0.9120637592339975
0.7240206142788415 0.2008219929020929 0.7758974654691480
0.7304059642476237 0.3463075395868107 0.7443800421843740
0.6273414541011770 0.2991315497449740 0.8187314562488941
0.6014411626918057 0.1419080563539916 0.7106529130515431
0.6348149145106023 0.2633427402230377 0.6900779675526862
0.6944098789880555 0.3399779583267126 0.6017352427552931
0.7246527999812487 0.1599789240387166 0.6410041745022028
0.6283590697756938 0.0635363387755454 0.6040111845677270
0.5457212623555803 0.9928651811172293 0.6817784170217467
0.6061856174766724 0.0353189505870657 0.7941080433799319
0.7184911440550228 0.0672120304671555 0.7279883991752734
0.7041041760607758 0.9592727138257042 0.8356506777098025
0.5821224911249216 0.8848716417124556 0.7764375959722469
0.6741045452254864 0.9465220350033698 0.7006371643977867
0.7412599151223662 0.8517868012360545 0.6272228122058479
0.9359400878495534 0.9505609898350831 0.6615647405585701
0.9152631345414215 0.9208848980734894 0.8030349314098373
0.8026375462258977 0.9124155354026637 0.7277823041075149
0.8231304355412954 0.0239284165158196 0.8012984027420458
0.9555131777215631 0.0503154678646540 0.7579357320124382
0.9439145637919726 0.0909292101833581 0.6362810595062205
0.8254329387747572 0.0304586694452218 0.6632261573856224
0.7956619935719873 0.2712158578289769 0.6630710293760054
0.9230576927773773 0.2365946632333413 0.6847334337994557
0.9385566775323264 0.2067487846352394 0.8180354681337303
0.0215650607013884 0.3052914520613217 0.7394569918115017
0.8338251937124888 0.2822328660690370 0.7992113178050395
0.8442696258220725 0.1429033099756065 0.7386368560902470
0.8149172510108826 0.1739138896143111 0.8761184949561505
0.8519780881791563 0.2974824802525502 0.9385763633056248
0.9519531558056009 0.3391917875312653 0.8547584121802514
0.9729170393701136 0.2392603852822952 0.9504639702649611
0.9909025228123456 0.1610804784898676 0.0804161007320838
0.8901744964018503 0.2687663490022794 0.0709250091873115
0.8816912003768365 0.1529144052463989 0.9830121999772878
0.9022314358292287 0.0278357736141472 0.0381980041354413
0.8322829299363188 0.9173751047943202 0.0546438634641784
0.8052073971758764 0.8947464995344587 0.8805996063525272
0.8155125432003159 0.0167978514267497 0.9371805683623269
0.9159213864137530 0.0826773646078371 0.8734616636181631
0.9294954556067272 0.9543060328533821 0.9279789470781294
0.9617253991305925 0.8815167094276228 0.0335948199383007
0.0051453768885119 0.0918263401928601 0.9721777394272004
0.1169564480978422 0.0941175799695813 0.0631287584316478
0.0485746024161566 0.9726230011547154 0.9974719889755701
0.0355840774206173 0.8722099603208089 0.8887461922686801
0.0394655601145895 0.0001213952082015 0.8529203662984679
0.1377708401235629 0.0677704483397412 0.9342901125878196
0.2359902418546715 0.0331637489583954 0.8563714446079900
0.2544899609220517 0.8701762894233238 0.8536328235496293
0.1567335429490675 0.9333804591205959 0.9212859025891513
0.2512844683916140 0.8750149019389868 0.9984980532416070
0.1687964274696721 0.9673894095942757 0.0557605100182497
0.2516204062665937 0.0488394343271246 0.0070269454752891
0.2330234945030516 0.1730627820485815 0.0127973344983665
0.1812013662739616 0.3053219297086538 0.0063137354493115
0.0385488476277038 0.2839049310430362 0.0655775079826812
0.0997619334994044 0.2025703050611072 0.9750598840011071
0.0417509017074085 0.1385281829256972 0.8546254548678942
0.0739265537818423 0.2633199462983575 0.8528085952293345
0.1881873180672580 0.3219415599760040 0.8711132101225820
0.1906812397487068 0.1789596665805318 0.8787509390659294
0.2701670600061898 0.1160247420697957 0.7558227750898341
0.1793955648051790 0.3333137454167268 0.7330256836763163
0.1506362873825489 0.2092601122391857 0.7570282130092669
0.0290834233447890 0.1620010799953413 0.7182498469906451
0.1465034091918436 0.1429247778522491 0.6414617840300629
0.1064227938432676 0.2754913217905464 0.6409478846931955
0.2707137597934428 0.3395002235468707 0.6336808630561455
0.2547607272350207 0.2182829060350400 0.6629763971113876
0.2044777140089591 0.0268150405763550 0.6909417267830082
0.0661062847196741 0.0295974309547726 0.6796208490725559
0.1301482641524063 0.0795948091629368 0.7848810227456429
0.1549392466303923 0.9432782459012419 0.7912636477732666
0.0327663173485293 0.9165217682967337 0.7452285580311904
0.1550691224460383 0.8978456959132113 0.6667624605116818
0.2609130198981484 0.7823562345910622 0.6099577579176112
0.1609583729962183 0.7299473805121344 0.6824849178558565
0.2431841048639416 0.8344509961125643 0.7286416426580613
0.1174982218173717 0.8130533001013007 0.7905952595595036
0.0424074288993259 0.8083493235350798 0.6700361593352484
0.0843977388529817 0.6350089213783874 0.6367462380319908
0.0531190535856527 0.6903170018393365 0.7541069382011878
0.2025183760652378 0.6031247938980551 0.7482174587613961
0.2165871763448792 0.7195977859423066 0.8041213677607761
0.2415812092482190 0.6206590894141404 0.6296751540288772
0.2328296832386973 0.4778285756888285 0.6931543518661523
0.1895489133124348 0.4508109127872215 0.8117011793923241
0.0938718714476716 0.5436510337604963 0.7433013733082749
0.0707792783623358 0.3983920866821091 0.8245898971562500
0.0991998565079264 0.4236565513510067 0.6923324454785604
0.1524658083289556 0.5294008766924376 0.6013758023232791
0.9667096710569290 0.5894882740039331 0.6856935765907839
0.0221051870384945 0.4986009510139029 0.6155543817085600
0.9920791174292001 0.3660628985225247 0.6250926351561692
0.9777186776085571 0.4574754579740588 0.7525037099613117
0.9925331959479577 0.5890478094609435 0.8203607301750229
0.8764813796736899 0.5454251887814192 0.7801939673241776
0.8580452411106529 0.4217301234667568 0.8288014956170697
0.7818525932581708 0.4550231656083028 0.7227667969004024
0.8916567121875345 0.3667713368532426 0.7083434438008551
0.8825245752523014 0.4951304006774504 0.6468868866805455
0.7804027280816119 0.5966486437245218 0.7005625547257115
0.8483299366996158 0.6351401010134663 0.6079060257451505
0.8387104706550290 0.7651708732233162 0.5948066365366647
0.8941842618358864 0.8279811601910216 0.6936230396192580
0.9619884692968101 0.7125678568507157 0.6403010699473655
0.9721240417717860 0.7940596026984088 0.7911942626588584
0.8344007937139959 0.7856199677691298 0.8153794582281420
0.8947517455888896 0.6847455164072289 0.7450622789624848
0.7993882824151624 0.6490342506738163 0.8316973819643636
0.8285241103788907 0.7035663210191823 0.9629412670914006
0.9091544896569563 0.8193222850081123 0.9233626737204552
0.9269741522583819 0.6893473299858877 0.8786381716348737
0.0115412421641914 0.6021896748310285 0.9517919361492091
0.9170493848169721 0.6379130492830387 0.0374431076299269
0.9875154890612761 0.7461601155461599 0.0063503069675155
0.8733886683204153 0.7837575194979856 0.0632266426424841
0.7956002010472920 0.5666848453852964 0.0262948330599611
0.8472364907753414 0.4020774853996210 0.0872024894533181
0.8304524212880113 0.4464908673206733 0.9580494550219354
0.8758221799616628 0.5686988332864278 0.9186145205266081
0.9619849221422854 0.4699411541006153 0.8996763005711179
0.9458211361545521 0.3765321205826062 0.9994796514339555
0.9181262973694855 0.5076400194159278 0.0489281631599896
0.1529611485876718 0.5582387720265518 0.9994497665719606
0.0431014747694574 0.4791067562445082 0.0116117479397413
0.1130363532662761 0.3963535726159912 0.0849868950163046
0.0655896048519486 0.3575002727684828 0.9518585847515209
0.0875261444421780 0.5114189078107545 0.8826852047525768
0.2195805121809422 0.5552088464688643 0.8767781693368810
0.1785069416406326 0.4333470834331652 0.9565533848403962
0.2404739825440727 0.4606534755598592 0.0705990455309269
0.2669178322198926 0.6023671228393139 0.0614951300193025
0.2411110321688799 0.6600691364507965 0.9440143573684401
0.1221157946562834 0.6417108652954981 0.8571653118418354
0.0405356079890196 0.6118919546543369 0.0821725001598443
0.1151290809607690 0.6847374611725652 0.9935338713505366
0.0981351966030368 0.8376828821864803 0.0041038777655398
0.0454527816793082 0.7396962533253806 0.8890060810156057
0.1712584747291979 0.7848574894600078 0.9123154741105763
0.2204842104047788 0.7491113441865798 0.0474699349522045
0.1635596114980964 0.7551132327767132 0.2084539030310235
0.2727231184114569 0.8391521504960773 0.2286167498786011
0.1965792039295198 0.8149567507015099 0.3403951347628027
0.0587699936292498 0.8443956656382690 0.3405961560783193
0.0351117509665926 0.8052340665640787 0.2197926036301558
0.0727241343524083 0.7553791913754044 0.1039068659982845
0.0550838745534421 0.6515819039352007 0.2082503685930404
0.1002088793186506 0.7062949092596584 0.3167148088678837
0.2497001471803961 0.6981685977910481 0.2884490055639628
0.1698577945335535 0.6538885955965612 0.1269689710710198
0.2125749245426998 0.4545282221576326 0.2097380196084961
0.1932094191280291 0.4640897415170602 0.3338370382984353
0.1802164885572148 0.5962971868763791 0.2503889915248574
0.0734018166124093 0.5255879702009634 0.2542669114035392
0.0873690122988589 0.4023990952319083 0.2257307324630653
0.1427892383299736 0.5266691200595068 0.1286588182472221
0.9331023740736750 0.5894010854092837 0.1728517029527268
0.0146307373478056 0.4910824921947077 0.1433826062799679
0.9814724771705081 0.3692799610982149 0.1364694894224701
0.9609399889238950 0.4667867611144949 0.3039528468026145
0.9715047104588219 0.5953271347966411 0.3046439303266095
0.8334735478522530 0.5306674198957340 0.3009326722243069
0.8468153480854563 0.3888404636912350 0.3185207089511992
0.8947027120534941 0.4598948030611791 0.1976184677098096
0.8074161481824338 0.5461553067633225 0.1577365127254500
0.8204416309941456 0.6750907013399723 0.1186207793049960
0.9510459264915507 0.7212819924350979 0.1525089759515059
0.9632806963501919 0.7269203799065371 0.2975788351447557
0.8459379057374461 0.7778479924342285 0.2255014250019576
0.8559145466891036 0.6516767184700889 0.2615416700735500
0.8784119608152214 0.6066548373904213 0.4066514385294915
0.8436986526450907 0.7368248579162886 0.3674499812064911
0.9591658742180935 0.7891504142764112 0.4179907567556080
0.0105103731266467 0.6632911223208633 0.4136008514792806
0.9084069037167524 0.7041531020237195 0.4987549949172598
0.9536168651912433 0.8354928958313650 0.5646820649612654
0.8114620215711890 0.8122128361313004 0.4779200745125798
0.7852578854684600 0.6653394856469417 0.4791001887587991
0.8283827641991932 0.5304415666473314 0.5314345855046161
0.8211157293613214 0.3854651146440524 0.5925394068483627
0.8586204858694151 0.4710590674722170 0.4222879974759597
0.9848460697587762 0.5245907627874331 0.4270363016704601
0.9606680890354036 0.3744429949639207 0.4149020235932204
0.9292493071406667 0.4338539893955153 0.5313533007528053
0.9572431714751066 0.5864597209873756 0.5402369088122116
0.0897447051483848 0.5956868146685017 0.5017840498231243
0.1523251805189805 0.3884043825291694 0.5808376887723254
0.0626755155148579 0.4524642337544811 0.5019076408392011
0.0744696335037913 0.4315484560333531 0.3653686310979027
0.1075631404221309 0.5753167203266041 0.3697574935100583
0.1766742668110832 0.5002148932872639 0.4595641233631418
0.2694308311002429 0.5741463532318258 0.3464776932965870
0.1682598794752392 0.3644279077946502 0.4454752688783212
0.2602019340675956 0.4601849638546933 0.5597005034271130
0.2590115465022538 0.5932293006138329 0.4946273951097098
0.1758477001232581 0.6893139482977388 0.5432148788101558
0.1951666024503989 0.6661522204905075 0.4076681197159049
0.0349381553970467 0.7186299581425288 0.5386621169336421
0.1237736270287475 0.8102593404870584 0.5669895941582725
0.1089200444872962 0.7612239232175595 0.4382468018674863
0.2526432405532471 0.7728434275962224 0.4669243309127231
0.2192018919735537 0.8918030726221300 0.5424131577944282
0.0555962549256834 0.9332762920707136 0.5933701301950978
0.0378303224542795 0.8766392807173085 0.4775351646299661
0.1589157017644705 0.8954598769473940 0.4331940110859771
0.2284386981126105 0.0144107916192533 0.4268829651292660
0.0828286862698560 0.0061094056602544 0.4665058137628812
0.0574450069613426 0.0917998952731940 0.5577814420032536
0.1717453281914072 0.0084328446896864 0.5630419980062220
0.1899706502966447 0.1325582232646556 0.5188135635272408
0.1869477594085742 0.2612217564000705 0.5429892772596403
0.0463495223723338 0.3233319547531133 0.5126073226165915
0.0838041893202892 0.2024559636542858 0.4719344616977152
0.1472825679287775 0.1058728001443998 0.3968643163489705
0.0729685154942539 0.2983226257881335 0.3750560084314218
0.2071954959773106 0.2374629804781501 0.4106683157447057
0.2753623449183447 0.1215080089157330 0.3279524413938020
0.2162851303080395 0.2129166899378510 0.2416681026941769
0.1775559508471805 0.3294499133074777 0.2979214593407122
0.1157646543061561 0.1924226477929614 0.3135362890037896
0.0737287383522380 0.1410360722086557 0.1895943896482002
0.1457399496789167 0.2211820682296033 0.1100059422174859
0.0822449436392370 0.2773080069875862 0.2073445636488718
0.2036766762645865 0.3384519992664765 0.1540525486093833
0.2185347753953248 0.1068013477272749 0.1487344448694787
0.1853480470590352 0.8513395619904762 0.1181235644505851
0.2485374471317572 0.9687153989067956 0.1618562472722496
0.2481583621093373 0.9580172112262555 0.3037268702320537
0.1791566302098366 0.0733803715606052 0.2662436433061661
0.1186507943878417 0.9768311736810813 0.3349517831958220
0.0296685231867952 0.0675986215160296 0.2889166757505979
0.1431193072001880 0.8916849840184828 0.2395140319505331
0.0549674395178588 0.8965403352618089 0.1209401995966242
0.1177133644684296 0.0064776250359355 0.1775348381663995
0.9339098648150981 0.1005397765757439 0.2117155635454864
0.0054691984311568 0.0278678412604207 0.1160084124001779
0.9240960354481107 0.8615205026238706 0.1593090643161714
0.0047707151210037 0.9493488708486044 0.2381147325457946
0.9246728766891081 0.8598439392017236 0.3005766737827198
0.8781411446430107 0.9886425315017395 0.2993194951637435
0.7922774521290434 0.0775484800363757 0.2409312056152300
0.7959584816080509 0.9090649621699680 0.2096428296417729
0.8916685178839758 0.9858399635540760 0.1667248962272727
0.8548725035563227 0.1346321837005910 0.1104587458438222
0.8238902736279381 0.2016137581526265 0.2163146009294687
0.8696324835622811 0.3264956773556704 0.2025528580877991
0.9574295870644391 0.2309117993097887 0.1842856038537688
0.9886209037653972 0.2042093515852110 0.3083864027963843
0.9815762144612492 0.3383051699493149 0.2809831746436842
0.8691476182100342 0.2647411315915029 0.3369078400372796
0.8863470141649903 0.1284714635534172 0.3332925768414097
0.8271884777589307 0.1893404420907656 0.4488726161555812
0.8391817629317573 0.3376518810041962 0.4589922627274037
0.9559626502517582 0.2440025279407263 0.4357170824069374
0.0110049224058575 0.1070541943307126 0.4074379367246639
0.9362161657658707 0.1360919375646028 0.5043195453143061
0.0122591439495541 0.2124630293560184 0.5881226101746411
0.9044382255829384 0.2861189837434153 0.5556419375789756
0.8431839180565901 0.1677128243012305 0.5929127012008133
0.8313749688787642 0.0490865387915180 0.5336806102166298
0.9578153229026278 0.9938877864909434 0.5315494647439485
0.8896791507110597 0.0348989737678007 0.4190476876133482
0.8991218149675366 0.9020581329894890 0.4450089868462104
0.8075102438024087 0.8690104920584054 0.3463210335731324
0.9918232493202765 0.9637911809596011 0.3753326560650023
0.8439805709900607 0.9133407307849111 0.5735707367316472
0.6840390001694838 0.8576886890200575 0.5029668697603424
0.6085086674411331 0.9121160202934555 0.5856500941321234
0.5663579792563582 0.9119577357076238 0.4356290958229312
0.6743736734834527 0.8866540119140289 0.3728016243774894
0.7721884025942596 0.9500266092066467 0.4531926116241656
0.7654441489705164 0.0736622564887042 0.3979359331294545
0.6387240371382226 0.0630621230621657 0.3538323082501218
0.6505413286840431 0.0069092100026322 0.4681409372179486
0.7272388812980402 0.9841211542460173 0.5838192247552374
0.7195963560192005 0.1146276770521668 0.5175393879376455
0.7510723304860898 0.2534687505208533 0.5282273172876104
0.6342881781405585 0.3071869231580906 0.4824978689366848
0.5462325141236128 0.3082110302879260 0.5939522197733134
0.6133744287837319 0.1986595426509004 0.5680586228991922
0.5595314044243676 0.1164294303507627 0.4830257893518901
0.5303892075085792 0.2473877547464061 0.4326006406564973
0.7330653545759906 0.3098591447871524 0.3970121749206017
0.6629566301071126 0.1832644848202289 0.4270283357646123
0.6635040739451199 0.1508913775799503 0.2545961067456912
0.7547217399071315 0.1845972261317932 0.3330107909362481
0.7423883994502987 0.3018667861185711 0.2664775180753634
0.6225593159955816 0.2677082604597500 0.3260846138946991
0.5465697013432522 0.1556218069733288 0.3428205813333571
0.5853819995775682 0.1478295175785636 0.1237969950151752
0.5391384224815718 0.3490858312675567 0.2046854598963284
0.6431258761750613 0.2607056430861392 0.1859644780705132
0.7603035399244416 0.2922115858274301 0.1311511833142349
0.7191112261077137 0.1534005762463717 0.1325913425254206
0.6729513254441559 0.0261265812131868 0.2083012144029091
0.7754749017578253 0.0222059687029736 0.1158871357075526
0.6914138413758208 0.9162547548923543 0.1065897534323543
0.6661756177009965 0.8864980756680305 0.2302589588212891
0.7401381474157924 0.9808300678594679 0.3129839211774839
0.5475409823442630 0.0808189536930795 0.2291198338678706
0.5802546715498651 0.9577928861201368 0.3051174566447110
0.5626178923921916 0.9687920849199987 0.1589538721797963
0.4419211867693891 0.0354948799217647 0.1492093545645337
0.4942794153746504 0.8692762651707207 0.2285074265798985
0.4580232951720695 0.9912740930672799 0.2798988825261339
0.3275051453699516 0.0463161337478888 0.2341912110132327
0.3669708987575202 0.9077133389520227 0.3166960426471241
0.3750453798455951 0.9204424584726287 0.1876900334065184
0.3339718644134186 0.0959268340425015 0.1088128375274264
0.2818589752688181 0.2360611917285818 0.1237863887739508
0.4053185671351975 0.3035185050776974 0.1404408703181361
0.4479171790415246 0.1657627382466205 0.1432303487066946
0.5207335316947006 0.2237057036721219 0.2297638909392070
0.4280068694816104 0.1206401820162837 0.2870954767809775
0.4325507517487077 0.2648442617945106 0.3083249628827556
0.3061692478614739 0.3235467216812438 0.2416225187601824
0.3486190673554979 0.1923404599209342 0.2228649299989700
0.3017830438874587 0.1305601276224011 0.4551816236724915
0.3177797995735110 0.2372000430895116 0.3558434100810250
0.3979821853287091 0.2899465602518188 0.4448900554015480
0.5257612337805324 0.3499197012557236 0.3466832665761088
0.4249623399720470 0.1570246385099379 0.4129141007632740
0.4665431404371294 0.2070925086977915 0.5379743736077620
0.4037915670573393 0.3190063492057349 0.5855309900483425
0.2893049253369910 0.3475223704265660 0.4967751539184957
0.3169848054453033 0.2240384533152187 0.5323890039274548
0.3167527192641992 0.9981788989857221 0.5201758388926170
0.5241725182031174 0.9989268691110773 0.5312379185823304
0.4121764415757447 0.0823808415853882 0.5216280832219644
0.5034921350040127 0.0351358230969168 0.3958463399166634
0.3617997289561061 0.0320405106706931 0.3781084424869212
0.2957983065878818 0.8951915367402505 0.4237539653301938
0.4760025533224326 0.8566245798696990 0.3596729466211614
0.4236352460841213 0.9441388852106227 0.4526898671897310
0.4909308302312472 0.8530222097760101 0.5280301707430113
0.3529849149680082 0.8599654944567949 0.5506582653241121
0.3348507550153501 0.6942695604557314 0.5426357170291107
0.4719510475146427 0.7023543899701461 0.5023351664798887
0.4660356308017473 0.7202715687372860 0.3487167056551734
0.5240009400605841 0.6202773488368298 0.4164991151799931
0.3472411771538733 0.6690645780282853 0.4073649153660721
0.3280310553002526 0.7831245602899131 0.3467612034685450
0.4002883336961816 0.7930180748836877 0.4515172617372694
0.3956607052379226 0.7779375969711544 0.2386571818990557
0.3221576419485652 0.8285375067004823 0.1046643718910212
0.2947301122955812 0.7068639189108903 0.1631569029436628
0.3706088270137649 0.6451038777389497 0.2732109600575370
0.5031807958888750 0.6063978807101686 0.2815884826678332
0.4214136548632086 0.6545667316488393 0.1529266293433245
0.5193651808287791 0.7246953029643439 0.2188837017327476
0.4442223383512820 0.7789292073337415 0.1163692477481018
0.5872873186181482 0.8066638657706835 0.3023196804478321
0.5735441618761419 0.8373514780901070 0.1314007003427440
0.6524015231306746 0.7516994484539454 0.1826115804399788
0.6082028546620704 0.6161661967815633 0.2127850014532331
0.6173500676840322 0.6835878134410769 0.3261353365502069
0.7424094387965088 0.6400992329066559 0.3433002407837491
0.7348097824814550 0.6614750413049792 0.2114469992441432
0.7596072444005952 0.8061478498922279 0.1298538263686928
0.7305976936483138 0.7775204779055613 0.2854901487527235
0.7052081310183085 0.7622246518377684 0.4121305596852811
0.7106649971062335 0.7337799304456052 0.5645233663748275
0.5871370461332663 0.7714918116717828 0.5589045911780961
0.5670620257355701 0.7727324138119793 0.4305764571845285
0.6440469222345171 0.6600243546964397 0.4594762760017339
0.5667914420018900 0.6393831339523186 0.5655230559182642
0.7394626863758877 0.5461056327288794 0.4290060166087242
0.7138662036069263 0.5968954411386225 0.5711369077319166
0.6250140324828068 0.5328240759637124 0.4887323121552938
0.6224365914812751 0.5454140723336462 0.3476818922264915
0.6224119471944443 0.4158142149743964 0.4075935266664685
0.6039089481402296 0.4285260257785992 0.5529815350318474
0.7359389606318136 0.4214711771054069 0.4903367038225026
0.7351447751061522 0.4418138872325437 0.3502142898450598
0.7554472633604088 0.4182495233350172 0.2026487879744321
0.6799170282965772 0.5872116839331789 0.1044563208290636
0.7095762048277443 0.5337885075749842 0.2529967321988651
0.6081812817722168 0.4843560418834549 0.1840451681993702
0.6384586851702925 0.3708709324111981 0.1121897248159174
0.6420550845866386 0.3941901073337026 0.2721998608688694
0.5255951562742940 0.4745007907387768 0.2867639809689850
0.4238952009249923 0.3836684762235643 0.2500944279293802
0.4842662818944823 0.4374257974259659 0.1295662903278005
0.4238055909141047 0.5234177544355831 0.2116235835197939
0.5200180550319922 0.5727405928563107 0.1248566713227932
0.2908553107134511 0.5677514096150427 0.1883161777511262
0.3348645407695341 0.4261523823538809 0.1536877090403101
0.3228129371286919 0.4677425388309659 0.2845189894330844
0.2839020708983440 0.3620741552768441 0.3671024357079042
0.3094991122366975 0.4807162727826544 0.4328374197941047
0.4104930616536520 0.5442775490368672 0.3531953289631045
0.5097536992785447 0.4876608874847204 0.4223330225756905
0.4094978657961168 0.4053974731689263 0.3801662297785418
0.5020598844178799 0.3696372549488403 0.4862181428134829
0.4951234478792981 0.5267350243012046 0.5503757466698349
0.4056474053566361 0.5814606053760145 0.4771991208530029
0.3499384876357672 0.5511230263166813 0.5911574381510027
0.3969473997138944 0.4379078388858404 0.5204433119314917
