# N=27 CoM=[0.5 0.5 0.5] (Just a grid)
0.16666667 0.16666667 0.16666667
0.16666667 0.16666667 0.5       
0.16666667 0.16666667 0.83333333
0.16666667 0.5        0.16666667
0.16666667 0.5        0.5       
0.16666667 0.5        0.83333333
0.16666667 0.83333333 0.16666667
0.16666667 0.83333333 0.5       
0.16666667 0.83333333 0.83333333
0.5        0.16666667 0.16666667
0.5        0.16666667 0.5       
0.5        0.16666667 0.83333333
0.5        0.5        0.16666667
0.5        0.5        0.5       
0.5        0.5        0.83333333
0.5        0.83333333 0.16666667
0.5        0.83333333 0.5       
0.5        0.83333333 0.83333333
0.83333333 0.16666667 0.16666667
0.83333333 0.16666667 0.5       
0.83333333 0.16666667 0.83333333
0.83333333 0.5        0.16666667
0.83333333 0.5        0.5       
0.83333333 0.5        0.83333333
0.83333333 0.83333333 0.16666667
0.83333333 0.83333333 0.5       
0.83333333 0.83333333 0.83333333
